1196
5.87205886840826 47.26985931396496 15.033869743347111 55.049026489257756
9.611084938049316 47.58383178710949 9.556709289550781 47.58962631225597
9.556709289550781 47.58962631225597 9.519864082336483 47.640178680420036
9.519864082336483 47.640178680420036 9.410350799560604 47.67034912109381
9.410350799560604 47.67034912109381 9.354925155639705 47.664314270019645
9.354925155639705 47.664314270019645 9.177002906799316 47.73775482177746
9.177002906799316 47.73775482177746 9.221139907836971 47.66815185546869
9.221139907836971 47.66815185546869 9.129564285278377 47.668991088867244
9.129564285278377 47.668991088867244 9.02615737915039 47.7327499389649
9.02615737915039 47.7327499389649 8.941498756408748 47.66183471679699
8.941498756408748 47.66183471679699 8.878918647766056 47.65868377685547
8.878918647766056 47.65868377685547 8.856014251708984 47.70831298828131
8.856014251708984 47.70831298828131 8.78299713134777 47.681991577148494
8.78299713134777 47.681991577148494 8.727890014648551 47.69684219360363
8.727890014648551 47.69684219360363 8.740537643432674 47.75805282592785
8.740537643432674 47.75805282592785 8.619837760925236 47.80404281616222
8.619837760925236 47.80404281616222 8.486785888671989 47.779304504394645
8.486785888671989 47.779304504394645 8.40472316741949 47.678745269775334
8.40472316741949 47.678745269775334 8.467810630798397 47.64575958251959
8.467810630798397 47.64575958251959 8.601484298706055 47.67701339721691
8.601484298706055 47.67701339721691 8.605631828308162 47.616214752197266
8.605631828308162 47.616214752197266 8.518870353698787 47.636585235595646
8.518870353698787 47.636585235595646 8.4374036788941 47.571407318115234
8.4374036788941 47.571407318115234 8.325192451477164 47.576061248779354
8.325192451477164 47.576061248779354 8.295848846435547 47.609577178955135
8.295848846435547 47.609577178955135 8.202873229980469 47.626155853271484
8.202873229980469 47.626155853271484 8.098521232605094 47.56595230102545
8.098521232605094 47.56595230102545 7.9104747772217365 47.55761718750006
7.9104747772217365 47.55761718750006 7.887427806854191 47.594745635986385
7.887427806854191 47.594745635986385 7.669493198394832 47.537117004394474
7.669493198394832 47.537117004394474 7.524673938751164 47.660194396972656
7.524673938751164 47.660194396972656 7.5485901832581135 47.735408782958984
7.5485901832581135 47.735408782958984 7.530228137969971 47.78344345092785
7.530228137969971 47.78344345092785 7.557729244232235 47.88094711303711
7.557729244232235 47.88094711303711 7.622157096862793 47.97365951538086
7.622157096862793 47.97365951538086 7.568590164184627 48.036338806152344
7.568590164184627 48.036338806152344 7.577859401702938 48.12139129638672
7.577859401702938 48.12139129638672 7.6661510467529865 48.22109985351557
7.6661510467529865 48.22109985351557 7.693936824798698 48.302120208740234
7.693936824798698 48.302120208740234 7.745231628418082 48.32982635498047
7.745231628418082 48.32982635498047 7.733546733856258 48.39868545532232
7.733546733856258 48.39868545532232 7.766868114471549 48.48680114746094
7.766868114471549 48.48680114746094 7.805161952972469 48.513500213623104
7.805161952972469 48.513500213623104 7.8001770973206135 48.583168029785156
7.8001770973206135 48.583168029785156 7.845043659210205 48.645530700683594
7.845043659210205 48.645530700683594 7.896251678466797 48.6672096252442
7.896251678466797 48.6672096252442 8.101068496704102 48.815814971923885
8.101068496704102 48.815814971923885 8.141568183898926 48.896072387695426
8.141568183898926 48.896072387695426 8.229839324951172 48.96836853027355
8.229839324951172 48.96836853027355 8.295299530029297 49.00415039062506
8.295299530029297 49.00415039062506 8.362239837646484 49.09968948364269
8.362239837646484 49.09968948364269 8.38765907287609 49.23448181152344
8.38765907287609 49.23448181152344 8.491369247436467 49.30128860473644
8.491369247436467 49.30128860473644 8.508850097656307 49.434150695800895
8.508850097656307 49.434150695800895 8.44361877441412 49.501579284668026
8.44361877441412 49.501579284668026 8.429039001464787 49.58562088012701
8.429039001464787 49.58562088012701 8.46900939941412 49.59062194824219
8.46900939941412 49.59062194824219 8.557209014892635 49.523811340331974
8.557209014892635 49.523811340331974 8.619588851928711 49.544208526611385
8.619588851928711 49.544208526611385 8.600359916687125 49.61323165893555
8.600359916687125 49.61323165893555 8.686168670654354 49.63053131103521
8.686168670654354 49.63053131103521 8.711479187011832 49.539791107177734
8.711479187011832 49.539791107177734 8.827729225158691 49.47713088989269
8.827729225158691 49.47713088989269 8.857840538024902 49.404911041259766
8.857840538024902 49.404911041259766 8.95515060424816 49.46086883544916
8.95515060424816 49.46086883544916 8.96017837524414 49.50114059448248
8.96017837524414 49.50114059448248 9.046890258789062 49.505512237548885
9.046890258789062 49.505512237548885 9.108948707580623 49.58300018310547
9.108948707580623 49.58300018310547 9.201388359069767 49.57559204101568
9.201388359069767 49.57559204101568 9.270099639892578 49.59381103515619
9.270099639892578 49.59381103515619 9.297658920288086 49.64551162719732
9.297658920288086 49.64551162719732 9.39526081085205 49.64157104492193
9.39526081085205 49.64157104492193 9.323519706726074 49.76753997802746
9.323519706726074 49.76753997802746 9.566849708557129 49.775581359863224
9.566849708557129 49.775581359863224 9.655658721923885 49.78755950927746
9.655658721923885 49.78755950927746 9.631500244140625 49.69784164428722
9.631500244140625 49.69784164428722 9.795988082885685 49.72127151489269
9.795988082885685 49.72127151489269 9.88053894042963 49.603061676025334
9.88053894042963 49.603061676025334 9.933589935302791 49.55537033081066
9.933589935302791 49.55537033081066 9.924578666687069 49.488719940185604
9.924578666687069 49.488719940185604 10.01029014587408 49.47846221923828
10.01029014587408 49.47846221923828 10.083209037780762 49.51231002807617
10.083209037780762 49.51231002807617 10.172438621521053 49.39152908325207
10.172438621521053 49.39152908325207 10.111349105835018 49.33576202392578
10.111349105835018 49.33576202392578 10.157520294189567 49.314151763916016
10.157520294189567 49.314151763916016 10.14302921295166 49.200088500976676
10.14302921295166 49.200088500976676 10.241008758544979 49.16072082519531
10.241008758544979 49.16072082519531 10.22476959228527 49.11286163330084
10.22476959228527 49.11286163330084 10.260209083557186 49.050891876220646
10.260209083557186 49.050891876220646 10.358429908752498 49.018939971923885
10.358429908752498 49.018939971923885 10.466980934143123 48.93828964233404
10.466980934143123 48.93828964233404 10.460708618164176 48.82384109497076
10.460708618164176 48.82384109497076 10.432239532470646 48.750221252441406
10.432239532470646 48.750221252441406 10.48830890655529 48.71643066406244
10.48830890655529 48.71643066406244 10.459988594055233 48.66865158081049
10.459988594055233 48.66865158081049 10.267759323120174 48.66265869140625
10.267759323120174 48.66265869140625 10.330178260803223 48.61455917358404
10.330178260803223 48.61455917358404 10.301539421081657 48.522491455078125
10.301539421081657 48.522491455078125 10.256278991699162 48.52672958374035
10.256278991699162 48.52672958374035 10.178018569946346 48.4662704467774
10.178018569946346 48.4662704467774 10.037790298461914 48.46335983276373
10.037790298461914 48.46335983276373 10.021698951721135 48.41115188598644
10.021698951721135 48.41115188598644 9.971670150756836 48.38422012329113
9.971670150756836 48.38422012329113 10.068340301513672 48.2855606079101
10.068340301513672 48.2855606079101 10.069068908691463 48.22967910766607
10.069068908691463 48.22967910766607 10.143199920654354 48.051261901855526
10.143199920654354 48.051261901855526 10.10028934478754 47.875240325927734
10.10028934478754 47.875240325927734 10.128187179565487 47.815650939941406
10.128187179565487 47.815650939941406 10.128538131713924 47.67704010009771
10.128538131713924 47.67704010009771 9.996920585632438 47.683700561523494
9.996920585632438 47.683700561523494 9.964490890502987 47.653808593750114
9.964490890502987 47.653808593750114 9.86045074462902 47.679199218750114
9.86045074462902 47.679199218750114 9.741229057312012 47.60739898681646
9.741229057312012 47.60739898681646 9.669999122619629 47.61365890502941
9.669999122619629 47.61365890502941 9.611084938049316 47.58383178710949
11.927703857421875 50.42685699462896 11.975892066955623 50.35607910156256
11.975892066955623 50.35607910156256 12.125018119812012 50.313156127929744
12.125018119812012 50.313156127929744 12.10177993774414 50.243408203125114
12.10177993774414 50.243408203125114 12.160515785217342 50.229682922363395
12.160515785217342 50.229682922363395 12.210250854492244 50.172870635986385
12.210250854492244 50.172870635986385 12.199060440063533 50.111820220947266
12.199060440063533 50.111820220947266 12.261237144470329 50.09212112426758
12.261237144470329 50.09212112426758 12.375898361206055 50.016490936279354
12.375898361206055 50.016490936279354 12.468311309814567 49.99588012695307
12.468311309814567 49.99588012695307 12.475679397583121 49.94009399414068
12.475679397583121 49.94009399414068 12.545875549316406 49.89528656005865
12.545875549316406 49.89528656005865 12.484228134155273 49.84294891357422
12.484228134155273 49.84294891357422 12.465906143188533 49.785289764404354
12.465906143188533 49.785289764404354 12.408749580383358 49.766189575195426
12.408749580383358 49.766189575195426 12.4513454437257 49.70320129394537
12.4513454437257 49.70320129394537 12.527859687805119 49.68775939941412
12.527859687805119 49.68775939941412 12.525370597839355 49.632350921630916
12.525370597839355 49.632350921630916 12.56985092163086 49.60964965820307
12.56985092163086 49.60964965820307 12.588051795959473 49.54399871826183
12.588051795959473 49.54399871826183 12.645830154419059 49.53105926513666
12.645830154419059 49.53105926513666 12.661074638366756 49.43216705322271
12.661074638366756 49.43216705322271 12.740521430969181 49.41059112548834
12.740521430969181 49.41059112548834 12.803140640258846 49.34796905517578
12.803140640258846 49.34796905517578 12.952889442443961 49.348270416259766
12.952889442443961 49.348270416259766 13.03792953491211 49.26773071289068
13.03792953491211 49.26773071289068 13.095769882202148 49.243591308593864
13.095769882202148 49.243591308593864 13.117535591125545 49.196300506591854
13.117535591125545 49.196300506591854 13.244128227233944 49.114089965820426
13.244128227233944 49.114089965820426 13.29590988159191 49.120182037353516
13.29590988159191 49.120182037353516 13.403729438781738 49.051780700683594
13.403729438781738 49.051780700683594 13.409028053283691 48.9798583984375
13.409028053283691 48.9798583984375 13.466391563415527 48.96088790893555
13.466391563415527 48.96088790893555 13.588505744934196 48.9686012268067
13.588505744934196 48.9686012268067 13.671330451965332 48.88309097290039
13.671330451965332 48.88309097290039 13.7513427734375 48.874515533447266
13.7513427734375 48.874515533447266 13.835957527160645 48.77505111694347
13.835957527160645 48.77505111694347 13.810439109802246 48.73543167114258
13.810439109802246 48.73543167114258 13.82571983337408 48.641220092773494
13.82571983337408 48.641220092773494 13.802149772644043 48.576889038085994
13.802149772644043 48.576889038085994 13.72109222412115 48.51679229736328
13.72109222412115 48.51679229736328 13.519489288330078 48.59616851806646
13.519489288330078 48.59616851806646 13.4507093429566 48.542221069335994
13.4507093429566 48.542221069335994 13.410618782043457 48.37773895263672
13.410618782043457 48.37773895263672 13.297986984252987 48.30990982055664
13.297986984252987 48.30990982055664 13.184852600097656 48.29858779907238
13.184852600097656 48.29858779907238 13.02088928222662 48.26044845581066
13.02088928222662 48.26044845581066 12.963188171386662 48.21686935424805
12.963188171386662 48.21686935424805 12.868214607238826 48.203666687011776
12.868214607238826 48.203666687011776 12.838599205017204 48.161941528320426
12.838599205017204 48.161941528320426 12.753028869628906 48.11729049682617
12.753028869628906 48.11729049682617 12.77372837066656 48.072719573974666
12.77372837066656 48.072719573974666 12.859708786010856 48.020469665527344
12.859708786010856 48.020469665527344 12.881299018859806 47.96100616455084
12.881299018859806 47.96100616455084 12.935725212097225 47.94540023803711
12.935725212097225 47.94540023803711 13.001147270202694 47.85223007202154
13.001147270202694 47.85223007202154 12.911267280578613 47.73124313354492
12.911267280578613 47.73124313354492 13.01525974273693 47.729679107666016
13.01525974273693 47.729679107666016 13.081555366516056 47.69136810302746
13.081555366516056 47.69136810302746 13.10558891296398 47.639202117920036
13.10558891296398 47.639202117920036 13.00461864471447 47.468738555908146
13.00461864471447 47.468738555908146 12.913059234619197 47.496742248535156
12.913059234619197 47.496742248535156 12.781312942504883 47.58154678344732
12.781312942504883 47.58154678344732 12.826677322387638 47.61626052856451
12.826677322387638 47.61626052856451 12.73669719696045 47.68220138549805
12.73669719696045 47.68220138549805 12.605334281921444 47.67924880981451
12.605334281921444 47.67924880981451 12.577346801757812 47.63447570800787
12.577346801757812 47.63447570800787 12.506064414978084 47.628852844238395
12.506064414978084 47.628852844238395 12.419526100158748 47.69876861572271
12.419526100158748 47.69876861572271 12.247988700866813 47.68750000000006
12.247988700866813 47.68750000000006 12.1744642257691 47.699043273925895
12.1744642257691 47.699043273925895 12.220893859863281 47.609909057617244
12.220893859863281 47.609909057617244 12.137937545776424 47.601840972900504
12.137937545776424 47.601840972900504 11.994778633117676 47.618278503418026
11.994778633117676 47.618278503418026 11.856868743896484 47.57905197143555
11.856868743896484 47.57905197143555 11.777485847473258 47.59481430053705
11.777485847473258 47.59481430053705 11.667691230773926 47.58627319335949
11.667691230773926 47.58627319335949 11.592955589294434 47.55285263061518
11.592955589294434 47.55285263061518 11.581020355224553 47.511821746826286
11.581020355224553 47.511821746826286 11.437379837036133 47.513259887695426
11.437379837036133 47.513259887695426 11.29389667510992 47.43019866943365
11.29389667510992 47.43019866943365 11.151188850402832 47.42356491088867
11.151188850402832 47.42356491088867 11.097250938415527 47.39572143554693
11.097250938415527 47.39572143554693 10.978509902954102 47.422149658203125
10.978509902954102 47.422149658203125 10.870402336120662 47.50205612182623
10.870402336120662 47.50205612182623 10.772025108337402 47.51614379882807
10.772025108337402 47.51614379882807 10.686220169067496 47.56013107299805
10.686220169067496 47.56013107299805 10.599970817565975 47.56983184814459
10.599970817565975 47.56983184814459 10.575299263000431 47.54151916503906
10.575299263000431 47.54151916503906 10.491109848022518 47.54497146606451
10.491109848022518 47.54497146606451 10.431048393249625 47.50675582885742
10.431048393249625 47.50675582885742 10.471569061279297 47.43306350708019
10.471569061279297 47.43306350708019 10.323238372802791 47.30258941650396
10.323238372802791 47.30258941650396 10.231559753418026 47.26985931396496
10.231559753418026 47.26985931396496 10.170708656311035 47.292438507080135
10.170708656311035 47.292438507080135 10.231728553771973 47.37248992919933
10.231728553771973 47.37248992919933 9.99733829498291 47.486225128173885
9.99733829498291 47.486225128173885 9.95506381988531 47.536933898925724
9.95506381988531 47.536933898925724 9.732295989990234 47.54535675048828
9.732295989990234 47.54535675048828 9.611084938049316 47.58383178710949
9.611084938049316 47.58383178710949 9.669999122619629 47.61365890502941
9.669999122619629 47.61365890502941 9.741229057312012 47.60739898681646
9.741229057312012 47.60739898681646 9.86045074462902 47.679199218750114
9.86045074462902 47.679199218750114 9.964490890502987 47.653808593750114
9.964490890502987 47.653808593750114 9.996920585632438 47.683700561523494
9.996920585632438 47.683700561523494 10.128538131713924 47.67704010009771
10.128538131713924 47.67704010009771 10.128187179565487 47.815650939941406
10.128187179565487 47.815650939941406 10.10028934478754 47.875240325927734
10.10028934478754 47.875240325927734 10.143199920654354 48.051261901855526
10.143199920654354 48.051261901855526 10.069068908691463 48.22967910766607
10.069068908691463 48.22967910766607 10.068340301513672 48.2855606079101
10.068340301513672 48.2855606079101 9.971670150756836 48.38422012329113
9.971670150756836 48.38422012329113 10.021698951721135 48.41115188598644
10.021698951721135 48.41115188598644 10.037790298461914 48.46335983276373
10.037790298461914 48.46335983276373 10.178018569946346 48.4662704467774
10.178018569946346 48.4662704467774 10.256278991699162 48.52672958374035
10.256278991699162 48.52672958374035 10.301539421081657 48.522491455078125
10.301539421081657 48.522491455078125 10.330178260803223 48.61455917358404
10.330178260803223 48.61455917358404 10.267759323120174 48.66265869140625
10.267759323120174 48.66265869140625 10.459988594055233 48.66865158081049
10.459988594055233 48.66865158081049 10.48830890655529 48.71643066406244
10.48830890655529 48.71643066406244 10.432239532470646 48.750221252441406
10.432239532470646 48.750221252441406 10.460708618164176 48.82384109497076
10.460708618164176 48.82384109497076 10.466980934143123 48.93828964233404
10.466980934143123 48.93828964233404 10.358429908752498 49.018939971923885
10.358429908752498 49.018939971923885 10.260209083557186 49.050891876220646
10.260209083557186 49.050891876220646 10.22476959228527 49.11286163330084
10.22476959228527 49.11286163330084 10.241008758544979 49.16072082519531
10.241008758544979 49.16072082519531 10.14302921295166 49.200088500976676
10.14302921295166 49.200088500976676 10.157520294189567 49.314151763916016
10.157520294189567 49.314151763916016 10.111349105835018 49.33576202392578
10.111349105835018 49.33576202392578 10.172438621521053 49.39152908325207
10.172438621521053 49.39152908325207 10.083209037780762 49.51231002807617
10.083209037780762 49.51231002807617 10.01029014587408 49.47846221923828
10.01029014587408 49.47846221923828 9.924578666687069 49.488719940185604
9.924578666687069 49.488719940185604 9.933589935302791 49.55537033081066
9.933589935302791 49.55537033081066 9.88053894042963 49.603061676025334
9.88053894042963 49.603061676025334 9.795988082885685 49.72127151489269
9.795988082885685 49.72127151489269 9.631500244140625 49.69784164428722
9.631500244140625 49.69784164428722 9.655658721923885 49.78755950927746
9.655658721923885 49.78755950927746 9.566849708557129 49.775581359863224
9.566849708557129 49.775581359863224 9.323519706726074 49.76753997802746
9.323519706726074 49.76753997802746 9.39526081085205 49.64157104492193
9.39526081085205 49.64157104492193 9.297658920288086 49.64551162719732
9.297658920288086 49.64551162719732 9.270099639892578 49.59381103515619
9.270099639892578 49.59381103515619 9.201388359069767 49.57559204101568
9.201388359069767 49.57559204101568 9.108948707580623 49.58300018310547
9.108948707580623 49.58300018310547 9.095290184020996 49.693279266357365
9.095290184020996 49.693279266357365 9.152109146118278 49.73793029785162
9.152109146118278 49.73793029785162 9.06967926025402 49.832771301269645
9.06967926025402 49.832771301269645 9.039319038391056 49.90962982177746
9.039319038391056 49.90962982177746 9.048080444335994 50.04241180419933
9.048080444335994 50.04241180419933 9.033840179443416 50.11211013793957
9.033840179443416 50.11211013793957 9.237930297851676 50.14928054809582
9.237930297851676 50.14928054809582 9.377340316772461 50.132209777832145
9.377340316772461 50.132209777832145 9.41923713684082 50.08029174804693
9.41923713684082 50.08029174804693 9.519418716430721 50.09251022338867
9.519418716430721 50.09251022338867 9.507490158081112 50.21202850341797
9.507490158081112 50.21202850341797 9.665809631347656 50.23950958251953
9.665809631347656 50.23950958251953 9.652839660644531 50.26930999755865
9.652839660644531 50.26930999755865 9.738649368286246 50.29980087280285
9.738649368286246 50.29980087280285 9.75783920288086 50.424091339111385
9.75783920288086 50.424091339111385 9.882708549499455 50.39855194091797
9.882708549499455 50.39855194091797 9.987749099731559 50.44425201416027
9.987749099731559 50.44425201416027 10.039758682251033 50.51588058471691
10.039758682251033 50.51588058471691 10.098520278930721 50.5498886108399
10.098520278930721 50.5498886108399 10.2043199539184 50.553798675537166
10.2043199539184 50.553798675537166 10.328149795532283 50.49032211303722
10.328149795532283 50.49032211303722 10.416999816894588 50.393390655517635
10.416999816894588 50.393390655517635 10.581978797912654 50.330200195312614
10.581978797912654 50.330200195312614 10.617910385131836 50.22182083129883
10.617910385131836 50.22182083129883 10.734579086303825 50.207328796386776
10.734579086303825 50.207328796386776 10.80930042266857 50.274822235107536
10.80930042266857 50.274822235107536 10.723039627075309 50.32294845581055
10.723039627075309 50.32294845581055 10.831380844116268 50.38624954223633
10.831380844116268 50.38624954223633 10.934719085693416 50.390232086181584
10.934719085693416 50.390232086181584 11.038508415222282 50.34236145019537
11.038508415222282 50.34236145019537 11.113239288330135 50.36489868164074
11.113239288330135 50.36489868164074 11.245929718017578 50.26517868041998
11.245929718017578 50.26517868041998 11.27088928222662 50.41751098632818
11.27088928222662 50.41751098632818 11.248118400573844 50.47689056396496
11.248118400573844 50.47689056396496 11.43009090423584 50.51472091674816
11.43009090423584 50.51472091674816 11.417508125305233 50.451450347900334
11.417508125305233 50.451450347900334 11.533889770507812 50.381019592285156
11.533889770507812 50.381019592285156 11.698430061340389 50.39630889892584
11.698430061340389 50.39630889892584 11.787029266357365 50.422641754150504
11.787029266357365 50.422641754150504 11.827100753784293 50.39291000366211
11.827100753784293 50.39291000366211 11.927703857421875 50.42685699462896
13.177889823913574 52.390319824218864 13.093818664550895 52.417438507080135
13.093818664550895 52.417438507080135 13.122269630432243 52.520832061767635
13.122269630432243 52.520832061767635 13.230238914489746 52.62681198120117
13.230238914489746 52.62681198120117 13.370199203491211 52.62105941772455
13.370199203491211 52.62105941772455 13.523490905761776 52.64474105834961
13.523490905761776 52.64474105834961 13.557220458984432 52.584930419921875
13.557220458984432 52.584930419921875 13.721320152282829 52.46379852294916
13.721320152282829 52.46379852294916 13.749758720398006 52.42628097534191
13.749758720398006 52.42628097534191 13.661138534545955 52.3424186706543
13.661138534545955 52.3424186706543 13.603069305419922 52.3951988220216
13.603069305419922 52.3951988220216 13.427828788757381 52.4089622497558
13.427828788757381 52.4089622497558 13.396039962768612 52.3760719299317
13.396039962768612 52.3760719299317 13.227739334106559 52.41926193237299
13.227739334106559 52.41926193237299 13.177889823913574 52.390319824218864
14.415765762329158 53.329795837402344 14.447080612182617 53.25653457641613
14.447080612182617 53.25653457641613 14.378918647766227 53.204158782958984
14.378918647766227 53.204158782958984 14.382509231567383 53.11481857299816
14.382509231567383 53.11481857299816 14.340086936950627 53.04809570312506
14.340086936950627 53.04809570312506 14.142452239990234 52.96111297607422
14.142452239990234 52.96111297607422 14.13889598846447 52.82548522949219
14.13889598846447 52.82548522949219 14.214071273803768 52.82040405273443
14.214071273803768 52.82040405273443 14.371563911437988 52.73823928833008
14.371563911437988 52.73823928833008 14.466204643249625 52.657257080078125
14.466204643249625 52.657257080078125 14.606236457824764 52.60551071166998
14.606236457824764 52.60551071166998 14.62150764465332 52.484401702880916
14.62150764465332 52.484401702880916 14.543208122253475 52.43748855590826
14.543208122253475 52.43748855590826 14.528908729553336 52.39641189575195
14.528908729553336 52.39641189575195 14.585481643676758 52.302085876464844
14.585481643676758 52.302085876464844 14.69957065582281 52.2410888671875
14.69957065582281 52.2410888671875 14.66934871673584 52.12155151367193
14.66934871673584 52.12155151367193 14.741009712219238 52.06966018676758
14.741009712219238 52.06966018676758 14.691618919372559 51.98361968994146
14.691618919372559 51.98361968994146 14.704777717590332 51.94266128540039
14.704777717590332 51.94266128540039 14.652949333191032 51.876548767089844
14.652949333191032 51.876548767089844 14.591708183288688 51.841911315918026
14.591708183288688 51.841911315918026 14.648379325866813 51.7950553894043
14.648379325866813 51.7950553894043 14.654958724975529 51.741203308105526
14.654958724975529 51.741203308105526 14.71885013580328 51.69285964965826
14.71885013580328 51.69285964965826 14.746030807495174 51.61100006103527
14.746030807495174 51.61100006103527 14.71082973480236 51.58467864990246
14.71082973480236 51.58467864990246 14.676649093628043 51.558349609375114
14.676649093628043 51.558349609375114 14.458319664001579 51.55138015747082
14.458319664001579 51.55138015747082 14.337259292602653 51.51226043701172
14.337259292602653 51.51226043701172 14.147539138793945 51.541671752929744
14.147539138793945 51.541671752929744 14.015210151672306 51.37430191040045
14.015210151672306 51.37430191040045 13.971598625183162 51.39891052246105
13.971598625183162 51.39891052246105 13.761530876159668 51.362152099609375
13.761530876159668 51.362152099609375 13.54295921325695 51.381359100341854
13.54295921325695 51.381359100341854 13.444268226623535 51.431350708007756
13.444268226623535 51.431350708007756 13.330400466918888 51.42581176757824
13.330400466918888 51.42581176757824 13.233359336853084 51.39775848388683
13.233359336853084 51.39775848388683 13.200678825378532 51.472179412841854
13.200678825378532 51.472179412841854 13.226419448852653 51.512451171875
13.226419448852653 51.512451171875 13.063730239868278 51.64789962768566
13.063730239868278 51.64789962768566 13.179808616638297 51.690589904785156
13.179808616638297 51.690589904785156 13.178320884704533 51.80157852172857
13.178320884704533 51.80157852172857 13.137908935546818 51.84654998779308
13.137908935546818 51.84654998779308 12.98296928405756 51.90053176879883
12.98296928405756 51.90053176879883 12.972139358520565 51.933971405029354
12.972139358520565 51.933971405029354 12.863180160522575 51.931758880615234
12.863180160522575 51.931758880615234 12.858329772949219 51.965129852294865
12.858329772949219 51.965129852294865 12.714208602905387 52.0003395080567
12.714208602905387 52.0003395080567 12.549958229064941 51.980232238769645
12.549958229064941 51.980232238769645 12.490827560424918 52.0290412902832
12.490827560424918 52.0290412902832 12.43582820892334 52.01491165161127
12.43582820892334 52.01491165161127 12.280429840088004 52.10176849365246
12.280429840088004 52.10176849365246 12.227298736572266 52.161540985107536
12.227298736572266 52.161540985107536 12.271249771118107 52.21287918090832
12.271249771118107 52.21287918090832 12.25396919250494 52.25008010864252
12.25396919250494 52.25008010864252 12.311418533325252 52.345729827880916
12.311418533325252 52.345729827880916 12.301250457763615 52.419929504394474
12.301250457763615 52.419929504394474 12.333218574523983 52.471462249755916
12.333218574523983 52.471462249755916 12.175079345703068 52.502780914306754
12.175079345703068 52.502780914306754 12.183770179748592 52.602798461914176
12.183770179748592 52.602798461914176 12.246099472045955 52.64295196533203
12.246099472045955 52.64295196533203 12.204960823059082 52.71015930175787
12.204960823059082 52.71015930175787 12.262378692626953 52.7912216186524
12.262378692626953 52.7912216186524 12.239218711853084 52.84344863891613
12.239218711853084 52.84344863891613 12.086408615112362 52.88214111328125
12.086408615112362 52.88214111328125 11.981528282165584 52.87200927734375
11.981528282165584 52.87200927734375 11.828538894653434 52.92173004150402
11.828538894653434 52.92173004150402 11.743320465088004 52.985698699951286
11.743320465088004 52.985698699951286 11.687638282775879 52.98247146606457
11.687638282775879 52.98247146606457 11.60176944732666 53.031551361083984
11.60176944732666 53.031551361083984 11.459699630737362 53.07736206054699
11.459699630737362 53.07736206054699 11.353878974914494 53.052108764648494
11.353878974914494 53.052108764648494 11.273481369018555 53.119781494140625
11.273481369018555 53.119781494140625 11.540950775146598 53.121391296386776
11.540950775146598 53.121391296386776 11.59181022644043 53.21036911010748
11.59181022644043 53.21036911010748 11.63576984405529 53.23981094360346
11.63576984405529 53.23981094360346 11.734849929809684 53.212848663330135
11.734849929809684 53.212848663330135 12.028409957885742 53.29949951171881
12.028409957885742 53.29949951171881 12.060480117797795 53.343910217285156
12.060480117797795 53.343910217285156 12.264800071716365 53.32680892944336
12.264800071716365 53.32680892944336 12.400289535522404 53.29916000366211
12.400289535522404 53.29916000366211 12.460661888122615 53.250011444091854
12.460661888122615 53.250011444091854 12.535188674926871 53.260269165039176
12.535188674926871 53.260269165039176 12.785710334777946 53.18255996704113
12.785710334777946 53.18255996704113 12.91559982299799 53.19190979003912
12.91559982299799 53.19190979003912 12.982050895690975 53.15750122070307
12.982050895690975 53.15750122070307 13.108539581298885 53.23369216918957
13.108539581298885 53.23369216918957 13.500488281249943 53.29791259765625
13.500488281249943 53.29791259765625 13.554159164428768 53.374961853027344
13.554159164428768 53.374961853027344 13.709288597107047 53.47607421875
13.709288597107047 53.47607421875 13.879629135131779 53.50273132324213
13.879629135131779 53.50273132324213 13.91958045959467 53.45011901855469
13.91958045959467 53.45011901855469 14.043899536132756 53.429008483886776
14.043899536132756 53.429008483886776 14.121093750000114 53.44207763671869
14.121093750000114 53.44207763671869 14.246148109436035 53.42095184326172
14.246148109436035 53.42095184326172 14.207889556884766 53.34048080444347
14.207889556884766 53.34048080444347 14.114839553833121 53.28697204589855
14.114839553833121 53.28697204589855 14.226650238037166 53.258831024170036
14.226650238037166 53.258831024170036 14.319879531860465 53.3126220703125
14.319879531860465 53.3126220703125 14.415765762329158 53.329795837402344
10.31917858123785 53.44248962402344 10.248090744018555 53.40472030639654
10.248090744018555 53.40472030639654 10.17726039886486 53.40795135498047
10.17726039886486 53.40795135498047 10.053689002990836 53.474159240722656
10.053689002990836 53.474159240722656 10.034690856933594 53.44427108764643
10.034690856933594 53.44427108764643 9.860760688781852 53.446769714355526
9.860760688781852 53.446769714355526 9.763450622558594 53.516941070556584
9.763450622558594 53.516941070556584 9.723658561706543 53.56900024414068
9.723658561706543 53.56900024414068 9.78622817993164 53.620971679687614
9.78622817993164 53.620971679687614 9.850890159607047 53.60655212402344
9.850890159607047 53.60655212402344 9.919628143310604 53.66593170166021
9.919628143310604 53.66593170166021 10.084019660949707 53.72935104370123
10.084019660949707 53.72935104370123 10.173889160156193 53.71858215332037
10.173889160156193 53.71858215332037 10.228058815002555 53.63389205932617
10.228058815002555 53.63389205932617 10.15961933135992 53.589401245117244
10.15961933135992 53.589401245117244 10.31917858123785 53.44248962402344
9.93714809417719 51.37919998168945 9.949359893798828 51.304889678955135
9.949359893798828 51.304889678955135 10.027479171752987 51.27843093872082
10.027479171752987 51.27843093872082 10.075889587402344 51.22618103027344
10.075889587402344 51.22618103027344 10.237089157104549 51.18072891235357
10.237089157104549 51.18072891235357 10.149688720703125 51.05513000488287
10.149688720703125 51.05513000488287 10.197978973388786 50.999240875244084
10.197978973388786 50.999240875244084 10.042918205261174 51.01494216918945
10.042918205261174 51.01494216918945 10.014289855957031 50.937171936035156
10.014289855957031 50.937171936035156 10.062809944152775 50.89242172241222
10.062809944152775 50.89242172241222 9.998019218444881 50.82971191406256
9.998019218444881 50.82971191406256 9.950229644775504 50.82239913940441
9.950229644775504 50.82239913940441 9.938960075378361 50.73741912841808
9.938960075378361 50.73741912841808 9.873539924621696 50.6746711730957
9.873539924621696 50.6746711730957 10.048980712890625 50.67726135253912
10.048980712890625 50.67726135253912 10.03817081451416 50.61396026611334
10.03817081451416 50.61396026611334 10.063029289245662 50.55731201171881
10.063029289245662 50.55731201171881 10.039758682251033 50.51588058471691
10.039758682251033 50.51588058471691 9.987749099731559 50.44425201416027
9.987749099731559 50.44425201416027 9.882708549499455 50.39855194091797
9.882708549499455 50.39855194091797 9.75783920288086 50.424091339111385
9.75783920288086 50.424091339111385 9.738649368286246 50.29980087280285
9.738649368286246 50.29980087280285 9.652839660644531 50.26930999755865
9.652839660644531 50.26930999755865 9.665809631347656 50.23950958251953
9.665809631347656 50.23950958251953 9.507490158081112 50.21202850341797
9.507490158081112 50.21202850341797 9.519418716430721 50.09251022338867
9.519418716430721 50.09251022338867 9.41923713684082 50.08029174804693
9.41923713684082 50.08029174804693 9.377340316772461 50.132209777832145
9.377340316772461 50.132209777832145 9.237930297851676 50.14928054809582
9.237930297851676 50.14928054809582 9.033840179443416 50.11211013793957
9.033840179443416 50.11211013793957 9.048080444335994 50.04241180419933
9.048080444335994 50.04241180419933 9.039319038391056 49.90962982177746
9.039319038391056 49.90962982177746 9.06967926025402 49.832771301269645
9.06967926025402 49.832771301269645 9.152109146118278 49.73793029785162
9.152109146118278 49.73793029785162 9.095290184020996 49.693279266357365
9.095290184020996 49.693279266357365 9.108948707580623 49.58300018310547
9.108948707580623 49.58300018310547 9.046890258789062 49.505512237548885
9.046890258789062 49.505512237548885 8.96017837524414 49.50114059448248
8.96017837524414 49.50114059448248 8.95515060424816 49.46086883544916
8.95515060424816 49.46086883544916 8.857840538024902 49.404911041259766
8.857840538024902 49.404911041259766 8.827729225158691 49.47713088989269
8.827729225158691 49.47713088989269 8.711479187011832 49.539791107177734
8.711479187011832 49.539791107177734 8.686168670654354 49.63053131103521
8.686168670654354 49.63053131103521 8.600359916687125 49.61323165893555
8.600359916687125 49.61323165893555 8.619588851928711 49.544208526611385
8.619588851928711 49.544208526611385 8.557209014892635 49.523811340331974
8.557209014892635 49.523811340331974 8.46900939941412 49.59062194824219
8.46900939941412 49.59062194824219 8.429039001464787 49.58562088012701
8.429039001464787 49.58562088012701 8.362480163574162 49.67544937133795
8.362480163574162 49.67544937133795 8.447199821472282 49.722358703613395
8.447199821472282 49.722358703613395 8.386138916015625 49.82003021240229
8.386138916015625 49.82003021240229 8.396700859069824 49.84989166259771
8.396700859069824 49.84989166259771 8.334729194641227 49.97375106811529
8.334729194641227 49.97375106811529 8.257689476013297 50.02706909179693
8.257689476013297 50.02706909179693 8.18796825408947 50.0324592590332
8.18796825408947 50.0324592590332 7.986810207367057 49.97499084472662
7.986810207367057 49.97499084472662 7.887711048126221 49.97066879272461
7.887711048126221 49.97066879272461 7.868689060211295 50.00823211669933
7.868689060211295 50.00823211669933 7.78512001037609 50.053112030029354
7.78512001037609 50.053112030029354 7.848290920257625 50.08341217041027
7.848290920257625 50.08341217041027 7.897068977355957 50.18106079101574
7.897068977355957 50.18106079101574 8.138090133667106 50.2965087890625
8.138090133667106 50.2965087890625 8.082799911498967 50.37416076660156
8.082799911498967 50.37416076660156 8.009419441223145 50.39920043945318
8.009419441223145 50.39920043945318 7.995588779449463 50.495899200439396
7.995588779449463 50.495899200439396 8.06255912780773 50.55733108520508
8.06255912780773 50.55733108520508 8.115130424499625 50.535751342773494
8.115130424499625 50.535751342773494 8.173588752746582 50.60026168823242
8.173588752746582 50.60026168823242 8.133959770202694 50.687709808349666
8.133959770202694 50.687709808349666 8.17941856384283 50.73952102661133
8.17941856384283 50.73952102661133 8.145460128784237 50.76959991455084
8.145460128784237 50.76959991455084 8.275670051574707 50.881240844726676
8.275670051574707 50.881240844726676 8.36824989318842 50.86260223388672
8.36824989318842 50.86260223388672 8.4476900100708 50.91495895385742
8.4476900100708 50.91495895385742 8.46796894073492 50.963260650634766
8.46796894073492 50.963260650634766 8.537079811096191 51.009128570556754
8.537079811096191 51.009128570556754 8.538150787353572 51.095119476318416
8.538150787353572 51.095119476318416 8.663989067077694 51.09012985229498
8.663989067077694 51.09012985229498 8.767789840698242 51.170631408691406
8.767789840698242 51.170631408691406 8.70938873291027 51.274089813232365
8.70938873291027 51.274089813232365 8.601678848266715 51.245811462402344
8.601678848266715 51.245811462402344 8.568999290466422 51.275070190429744
8.568999290466422 51.275070190429744 8.63252067565918 51.336120605468864
8.63252067565918 51.336120605468864 8.825110435485897 51.38840103149414
8.825110435485897 51.38840103149414 8.957579612731934 51.38727188110357
8.957579612731934 51.38727188110357 8.924329757690373 51.48741149902355
8.924329757690373 51.48741149902355 9.041880607605037 51.519298553466854
9.041880607605037 51.519298553466854 9.171580314636287 51.44372940063482
9.171580314636287 51.44372940063482 9.28421878814703 51.51277923583996
9.28421878814703 51.51277923583996 9.451740264892635 51.64538192749029
9.451740264892635 51.64538192749029 9.628209114074764 51.629989624023494
9.628209114074764 51.629989624023494 9.689008712768555 51.58312225341808
9.689008712768555 51.58312225341808 9.624798774719295 51.54909133911144
9.624798774719295 51.54909133911144 9.608918190002555 51.49370193481451
9.608918190002555 51.49370193481451 9.634898185730094 51.409450531005916
9.634898185730094 51.409450531005916 9.566449165344295 51.37818908691406
9.566449165344295 51.37818908691406 9.667149543762264 51.31393051147472
9.667149543762264 51.31393051147472 9.801008224487305 51.411869049072266
9.801008224487305 51.411869049072266 9.911230087280273 51.419750213623104
9.911230087280273 51.419750213623104 9.93714809417719 51.37919998168945
9.09638881683344 53.88398361206055 9.288209915161133 53.8694114685058
9.288209915161133 53.8694114685058 9.358848571777457 53.82297897338873
9.358848571777457 53.82297897338873 9.40497016906744 53.757690429687614
9.40497016906744 53.757690429687614 9.507008552551213 53.7008514404298
9.507008552551213 53.7008514404298 9.547169685363826 53.624309539795036
9.547169685363826 53.624309539795036 9.723658561706543 53.56900024414068
9.723658561706543 53.56900024414068 9.763450622558594 53.516941070556584
9.763450622558594 53.516941070556584 9.860760688781852 53.446769714355526
9.860760688781852 53.446769714355526 10.034690856933594 53.44427108764643
10.034690856933594 53.44427108764643 10.053689002990836 53.474159240722656
10.053689002990836 53.474159240722656 10.17726039886486 53.40795135498047
10.17726039886486 53.40795135498047 10.248090744018555 53.40472030639654
10.248090744018555 53.40472030639654 10.31917858123785 53.44248962402344
10.31917858123785 53.44248962402344 10.391718864441032 53.43540191650385
10.391718864441032 53.43540191650385 10.506809234619084 53.38425064086914
10.506809234619084 53.38425064086914 10.597419738769588 53.37364959716797
10.597419738769588 53.37364959716797 10.708258628845329 53.37931060791027
10.708258628845329 53.37931060791027 10.795350074768066 53.32160949707037
10.795350074768066 53.32160949707037 10.994039535522461 53.334770202636776
10.994039535522461 53.334770202636776 11.093479156494254 53.21469879150402
11.093479156494254 53.21469879150402 11.198998451232967 53.18004226684576
11.198998451232967 53.18004226684576 11.273481369018555 53.119781494140625
11.273481369018555 53.119781494140625 11.353878974914494 53.052108764648494
11.353878974914494 53.052108764648494 11.459699630737362 53.07736206054699
11.459699630737362 53.07736206054699 11.60176944732666 53.031551361083984
11.60176944732666 53.031551361083984 11.514609336853084 52.99877166748058
11.514609336853084 52.99877166748058 11.47671985626215 52.93581008911133
11.47671985626215 52.93581008911133 11.321439743042106 52.87369918823248
11.321439743042106 52.87369918823248 11.160360336303711 52.90460968017578
11.160360336303711 52.90460968017578 10.998458862304688 52.9099693298341
10.998458862304688 52.9099693298341 10.942508697509766 52.85137939453119
10.942508697509766 52.85137939453119 10.772189140319881 52.854450225830135
10.772189140319881 52.854450225830135 10.760579109191895 52.792900085449276
10.760579109191895 52.792900085449276 10.790019035339299 52.74053192138683
10.790019035339299 52.74053192138683 10.927108764648438 52.60639190673834
10.927108764648438 52.60639190673834 10.972538948059139 52.499290466308594
10.972538948059139 52.499290466308594 10.936208724975529 52.459011077880916
10.936208724975529 52.459011077880916 11.035769462585506 52.384651184081974
11.035769462585506 52.384651184081974 10.99966144561779 52.34056854248058
10.99966144561779 52.34056854248058 11.091659545898551 52.229389190673885
11.091659545898551 52.229389190673885 11.02023887634283 52.17837905883789
11.02023887634283 52.17837905883789 11.050539970398063 52.13394165039068
11.050539970398063 52.13394165039068 10.94927978515625 52.10540008544933
10.94927978515625 52.10540008544933 10.974808692932072 52.05725097656256
10.974808692932072 52.05725097656256 10.691758155822697 52.05276870727545
10.691758155822697 52.05276870727545 10.636878967285213 52.016479492187614
10.636878967285213 52.016479492187614 10.569430351257381 52.01726150512695
10.569430351257381 52.01726150512695 10.64960956573492 51.88962936401367
10.64960956573492 51.88962936401367 10.582900047302303 51.85507202148443
10.582900047302303 51.85507202148443 10.577259063720703 51.80934906005871
10.577259063720703 51.80934906005871 10.705129623413143 51.64355087280268
10.705129623413143 51.64355087280268 10.640660285949764 51.58024978637695
10.640660285949764 51.58024978637695 10.52212905883789 51.55052185058605
10.52212905883789 51.55052185058605 10.443818092346191 51.58860015869146
10.443818092346191 51.58860015869146 10.338228225708065 51.51441955566412
10.338228225708065 51.51441955566412 10.173248291015682 51.44480133056646
10.173248291015682 51.44480133056646 10.025360107421875 51.41965103149414
10.025360107421875 51.41965103149414 9.93714809417719 51.37919998168945
9.93714809417719 51.37919998168945 9.911230087280273 51.419750213623104
9.911230087280273 51.419750213623104 9.801008224487305 51.411869049072266
9.801008224487305 51.411869049072266 9.667149543762264 51.31393051147472
9.667149543762264 51.31393051147472 9.566449165344295 51.37818908691406
9.566449165344295 51.37818908691406 9.634898185730094 51.409450531005916
9.634898185730094 51.409450531005916 9.608918190002555 51.49370193481451
9.608918190002555 51.49370193481451 9.624798774719295 51.54909133911144
9.624798774719295 51.54909133911144 9.689008712768555 51.58312225341808
9.689008712768555 51.58312225341808 9.628209114074764 51.629989624023494
9.628209114074764 51.629989624023494 9.451740264892635 51.64538192749029
9.451740264892635 51.64538192749029 9.388999938964787 51.758239746093864
9.388999938964787 51.758239746093864 9.451158523559627 51.79259109497076
9.451158523559627 51.79259109497076 9.442108154296932 51.85514068603527
9.442108154296932 51.85514068603527 9.370468139648551 51.86161041259777
9.370468139648551 51.86161041259777 9.269420623779354 51.975749969482536
9.269420623779354 51.975749969482536 9.18529987335205 51.9744987487793
9.18529987335205 51.9744987487793 9.17996883392334 52.08628082275402
9.17996883392334 52.08628082275402 9.147498130798454 52.13426208496094
9.147498130798454 52.13426208496094 9.05608940124523 52.147731781005916
9.05608940124523 52.147731781005916 9.076158523559627 52.23384094238281
9.076158523559627 52.23384094238281 8.971660614013729 52.261981964111385
8.971660614013729 52.261981964111385 9.028349876403809 52.344982147216854
9.028349876403809 52.344982147216854 9.088550567626953 52.35715866088873
9.088550567626953 52.35715866088873 9.128499031066951 52.41379928588867
9.128499031066951 52.41379928588867 9.05136871337902 52.502090454101676
9.05136871337902 52.502090454101676 8.987609863281307 52.433849334716854
8.987609863281307 52.433849334716854 8.855890274047908 52.390602111816406
8.855890274047908 52.390602111816406 8.709649085998535 52.39556884765625
8.709649085998535 52.39556884765625 8.711459159851074 52.47764205932617
8.711459159851074 52.47764205932617 8.653689384460506 52.532508850097656
8.653689384460506 52.532508850097656 8.557799339294434 52.50093078613287
8.557799339294434 52.50093078613287 8.508218765258903 52.514888763427734
8.508218765258903 52.514888763427734 8.432649612426815 52.450199127197266
8.432649612426815 52.450199127197266 8.30516242980957 52.444011688232536
8.30516242980957 52.444011688232536 8.31338882446289 52.4070396423341
8.31338882446289 52.4070396423341 8.44369888305664 52.36478042602539
8.44369888305664 52.36478042602539 8.474008560180721 52.156681060791016
8.474008560180721 52.156681060791016 8.404229164123649 52.110820770263786
8.404229164123649 52.110820770263786 8.288149833679142 52.131198883056754
8.288149833679142 52.131198883056754 8.1602201461792 52.07709884643555
8.1602201461792 52.07709884643555 8.038999557495117 52.06489181518555
8.038999557495117 52.06489181518555 7.974060058593807 52.03638076782232
7.974060058593807 52.03638076782232 7.885759830474967 52.086181640625
7.885759830474967 52.086181640625 8.009200096130314 52.11516952514654
8.009200096130314 52.11516952514654 8.01103878021246 52.17615127563482
8.01103878021246 52.17615127563482 7.9321608543396 52.17737197875988
7.9321608543396 52.17737197875988 7.928679943084717 52.30561065673834
7.928679943084717 52.30561065673834 7.895120143890324 52.38191986083996
7.895120143890324 52.38191986083996 7.811338901519775 52.37171936035156
7.811338901519775 52.37171936035156 7.7193598747254555 52.401988983154354
7.7193598747254555 52.401988983154354 7.6930088996887775 52.456291198730526
7.6930088996887775 52.456291198730526 7.613448143005371 52.47238159179682
7.613448143005371 52.47238159179682 7.58010911941534 52.38346099853527
7.58010911941534 52.38346099853527 7.391240119934082 52.31148910522472
7.391240119934082 52.31148910522472 7.298637866973991 52.264202117919865
7.298637866973991 52.264202117919865 7.159201145172119 52.268169403076286
7.159201145172119 52.268169403076286 7.071063995361442 52.243484497070426
7.071063995361442 52.243484497070426 7.0297188758851235 52.29431915283209
7.0297188758851235 52.29431915283209 7.080453872680664 52.35722351074219
7.080453872680664 52.35722351074219 7.000110149383545 52.47317886352545
7.000110149383545 52.47317886352545 6.931348800659123 52.43983078002941
6.931348800659123 52.43983078002941 6.713626861572379 52.484413146972656
6.713626861572379 52.484413146972656 6.7192640304566 52.62957763671875
6.7192640304566 52.62957763671875 6.786572933197078 52.6561546325683
6.786572933197078 52.6561546325683 6.948777198791447 52.64259338378912
6.948777198791447 52.64259338378912 7.063059806823844 52.6471786499024
7.063059806823844 52.6471786499024 7.094276905059871 52.84645080566406
7.094276905059871 52.84645080566406 7.212191104888973 52.93294143676758
7.212191104888973 52.93294143676758 7.254858016967773 53.001121520996094
7.254858016967773 53.001121520996094 7.2565789222717285 53.098411560058594
7.2565789222717285 53.098411560058594 7.227190017700423 53.117160797119084
7.227190017700423 53.117160797119084 7.284949779510498 53.18859100341791
7.284949779510498 53.18859100341791 7.228055953979549 53.258193969726676
7.228055953979549 53.258193969726676 7.248054981231746 53.33013916015625
7.248054981231746 53.33013916015625 7.024723052978629 53.33652877807617
7.024723052978629 53.33652877807617 6.999166965484562 53.35902786254883
6.999166965484562 53.35902786254883 7.025276184082031 53.483470916748104
7.025276184082031 53.483470916748104 7.158053874969539 53.62791824340832
7.158053874969539 53.62791824340832 7.2969450950623695 53.68069458007807
7.2969450950623695 53.68069458007807 7.563611030578556 53.6748619079591
7.563611030578556 53.6748619079591 7.693056106567383 53.70097351074219
7.693056106567383 53.70097351074219 7.910831928253117 53.7176399230957
7.910831928253117 53.7176399230957 8.011943817138786 53.71125030517578
8.011943817138786 53.71125030517578 8.02861118316656 53.66180419921869
8.02861118316656 53.66180419921869 8.114165306091309 53.61402893066412
8.114165306091309 53.61402893066412 8.169721603393612 53.54347229003912
8.169721603393612 53.54347229003912 8.060833930969352 53.50041580200195
8.060833930969352 53.50041580200195 8.208610534667969 53.40208435058594
8.208610534667969 53.40208435058594 8.252499580383414 53.399028778076286
8.252499580383414 53.399028778076286 8.315832138061637 53.46430587768549
8.315832138061637 53.46430587768549 8.315832138061637 53.515972137451286
8.315832138061637 53.515972137451286 8.231942176818904 53.51985931396496
8.231942176818904 53.51985931396496 8.24305534362793 53.5823593139649
8.24305534362793 53.5823593139649 8.30361175537115 53.61708450317377
8.30361175537115 53.61708450317377 8.384167671203613 53.57430648803722
8.384167671203613 53.57430648803722 8.504722595214957 53.551528930664176
8.504722595214957 53.551528930664176 8.513918876648006 53.5051383972168
8.513918876648006 53.5051383972168 8.605904579162598 53.48423385620123
8.605904579162598 53.48423385620123 8.650555610656852 53.510780334472656
8.650555610656852 53.510780334472656 8.594015121459961 53.59306716918945
8.594015121459961 53.59306716918945 8.521388053894157 53.6064567565918
8.521388053894157 53.6064567565918 8.483611106872559 53.69430541992193
8.483611106872559 53.69430541992193 8.554165840148983 53.82819366455078
8.554165840148983 53.82819366455078 8.61750125885004 53.88208389282232
8.61750125885004 53.88208389282232 8.682499885559082 53.89180374145508
8.682499885559082 53.89180374145508 8.786944389343262 53.83375167846674
8.786944389343262 53.83375167846674 9.016388893127441 53.83597183227545
9.016388893127441 53.83597183227545 9.09638881683344 53.88398361206055
9.451740264892635 51.64538192749029 9.28421878814703 51.51277923583996
9.28421878814703 51.51277923583996 9.171580314636287 51.44372940063482
9.171580314636287 51.44372940063482 9.041880607605037 51.519298553466854
9.041880607605037 51.519298553466854 8.924329757690373 51.48741149902355
8.924329757690373 51.48741149902355 8.957579612731934 51.38727188110357
8.957579612731934 51.38727188110357 8.825110435485897 51.38840103149414
8.825110435485897 51.38840103149414 8.63252067565918 51.336120605468864
8.63252067565918 51.336120605468864 8.568999290466422 51.275070190429744
8.568999290466422 51.275070190429744 8.601678848266715 51.245811462402344
8.601678848266715 51.245811462402344 8.70938873291027 51.274089813232365
8.70938873291027 51.274089813232365 8.767789840698242 51.170631408691406
8.767789840698242 51.170631408691406 8.663989067077694 51.09012985229498
8.663989067077694 51.09012985229498 8.538150787353572 51.095119476318416
8.538150787353572 51.095119476318416 8.537079811096191 51.009128570556754
8.537079811096191 51.009128570556754 8.46796894073492 50.963260650634766
8.46796894073492 50.963260650634766 8.4476900100708 50.91495895385742
8.4476900100708 50.91495895385742 8.36824989318842 50.86260223388672
8.36824989318842 50.86260223388672 8.275670051574707 50.881240844726676
8.275670051574707 50.881240844726676 8.145460128784237 50.76959991455084
8.145460128784237 50.76959991455084 8.17941856384283 50.73952102661133
8.17941856384283 50.73952102661133 8.133959770202694 50.687709808349666
8.133959770202694 50.687709808349666 7.9743199348450275 50.774669647216854
7.9743199348450275 50.774669647216854 7.981119155883789 50.83068084716808
7.981119155883789 50.83068084716808 7.83456993103033 50.88114929199219
7.83456993103033 50.88114929199219 7.763558864593506 50.878620147705135
7.763558864593506 50.878620147705135 7.66074991226202 50.767059326171875
7.66074991226202 50.767059326171875 7.601678848266545 50.76486206054693
7.601678848266545 50.76486206054693 7.481769084930477 50.71567153930664
7.481769084930477 50.71567153930664 7.365079879760685 50.69998931884771
7.365079879760685 50.69998931884771 7.364080905914307 50.64413070678711
7.364080905914307 50.64413070678711 7.150808811187744 50.59461975097656
7.150808811187744 50.59461975097656 7.056681156158447 50.59838104248058
7.056681156158447 50.59838104248058 7.007449150085506 50.55913162231451
7.007449150085506 50.55913162231451 6.888179779052848 50.52133178710949
6.888179779052848 50.52133178710949 6.910038948059139 50.47333908081066
6.910038948059139 50.47333908081066 6.859858989715519 50.44908905029297
6.859858989715519 50.44908905029297 6.803999900817871 50.48480224609375
6.803999900817871 50.48480224609375 6.751090049743766 50.43357849121105
6.751090049743766 50.43357849121105 6.808158874511832 50.35760879516596
6.808158874511832 50.35760879516596 6.713931083679256 50.33449172973644
6.713931083679256 50.33449172973644 6.589530944824276 50.37755966186529
6.589530944824276 50.37755966186529 6.45967006683361 50.36001968383795
6.45967006683361 50.36001968383795 6.403338909149227 50.32192993164068
6.403338909149227 50.32192993164068 6.33975791931158 50.37989425659191
6.33975791931158 50.37989425659191 6.374671936035156 50.44594955444336
6.374671936035156 50.44594955444336 6.330028057098389 50.49364471435558
6.330028057098389 50.49364471435558 6.223847866058463 50.50228118896479
6.223847866058463 50.50228118896479 6.175640106201172 50.55985260009777
6.175640106201172 50.55985260009777 6.251566886901912 50.59209823608404
6.251566886901912 50.59209823608404 6.118731975555477 50.70873641967785
6.118731975555477 50.70873641967785 6.0286169052123455 50.725215911865234
6.0286169052123455 50.725215911865234 5.963199138641471 50.795051574707145
5.963199138641471 50.795051574707145 6.03108119964611 50.82139205932623
6.03108119964611 50.82139205932623 6.087715148925895 50.87893295288086
6.087715148925895 50.87893295288086 6.032363891601619 50.97996902465832
6.032363891601619 50.97996902465832 5.907961845398063 51.00095367431646
5.907961845398063 51.00095367431646 5.87205886840826 51.04341125488281
5.87205886840826 51.04341125488281 6.038741111755371 51.095649719238395
6.038741111755371 51.095649719238395 6.144780158996582 51.17371749877941
6.144780158996582 51.17371749877941 6.078309059143066 51.187469482421875
6.078309059143066 51.187469482421875 6.078186035156364 51.2447128295899
6.078186035156364 51.2447128295899 6.231968879699764 51.36598205566406
6.231968879699764 51.36598205566406 6.220355987548885 51.509170532226506
6.220355987548885 51.509170532226506 6.090958118438721 51.605220794677734
6.090958118438721 51.605220794677734 6.1187691688538735 51.66045761108404
6.1187691688538735 51.66045761108404 6.0354228019714355 51.68281173706066
6.0354228019714355 51.68281173706066 6.036541938781852 51.727481842041016
6.036541938781852 51.727481842041016 5.97088003158575 51.809398651123104
5.97088003158575 51.809398651123104 6.060989856719914 51.851593017578125
6.060989856719914 51.851593017578125 6.1689820289612385 51.845031738281364
6.1689820289612385 51.845031738281364 6.2185449600220295 51.867488861083984
6.2185449600220295 51.867488861083984 6.310534954070988 51.850990295410156
6.310534954070988 51.850990295410156 6.397315025329533 51.871364593505916
6.397315025329533 51.871364593505916 6.480340003967285 51.85462188720703
6.480340003967285 51.85462188720703 6.692440986633528 51.920162200927734
6.692440986633528 51.920162200927734 6.742709159851131 51.89905166625982
6.742709159851131 51.89905166625982 6.838380813598633 51.96559906005854
6.838380813598633 51.96559906005854 6.83536100387596 51.9955291748048
6.83536100387596 51.9955291748048 6.698178768157959 52.04011917114258
6.698178768157959 52.04011917114258 6.768452167511043 52.12076568603521
6.768452167511043 52.12076568603521 6.852960109710693 52.1197509765625
6.852960109710693 52.1197509765625 6.988433837890625 52.22537231445324
6.988433837890625 52.22537231445324 7.071063995361442 52.243484497070426
7.071063995361442 52.243484497070426 7.159201145172119 52.268169403076286
7.159201145172119 52.268169403076286 7.298637866973991 52.264202117919865
7.298637866973991 52.264202117919865 7.391240119934082 52.31148910522472
7.391240119934082 52.31148910522472 7.58010911941534 52.38346099853527
7.58010911941534 52.38346099853527 7.613448143005371 52.47238159179682
7.613448143005371 52.47238159179682 7.6930088996887775 52.456291198730526
7.6930088996887775 52.456291198730526 7.7193598747254555 52.401988983154354
7.7193598747254555 52.401988983154354 7.811338901519775 52.37171936035156
7.811338901519775 52.37171936035156 7.895120143890324 52.38191986083996
7.895120143890324 52.38191986083996 7.928679943084717 52.30561065673834
7.928679943084717 52.30561065673834 7.9321608543396 52.17737197875988
7.9321608543396 52.17737197875988 8.01103878021246 52.17615127563482
8.01103878021246 52.17615127563482 8.009200096130314 52.11516952514654
8.009200096130314 52.11516952514654 7.885759830474967 52.086181640625
7.885759830474967 52.086181640625 7.974060058593807 52.03638076782232
7.974060058593807 52.03638076782232 8.038999557495117 52.06489181518555
8.038999557495117 52.06489181518555 8.1602201461792 52.07709884643555
8.1602201461792 52.07709884643555 8.288149833679142 52.131198883056754
8.288149833679142 52.131198883056754 8.404229164123649 52.110820770263786
8.404229164123649 52.110820770263786 8.474008560180721 52.156681060791016
8.474008560180721 52.156681060791016 8.44369888305664 52.36478042602539
8.44369888305664 52.36478042602539 8.31338882446289 52.4070396423341
8.31338882446289 52.4070396423341 8.30516242980957 52.444011688232536
8.30516242980957 52.444011688232536 8.432649612426815 52.450199127197266
8.432649612426815 52.450199127197266 8.508218765258903 52.514888763427734
8.508218765258903 52.514888763427734 8.557799339294434 52.50093078613287
8.557799339294434 52.50093078613287 8.653689384460506 52.532508850097656
8.653689384460506 52.532508850097656 8.711459159851074 52.47764205932617
8.711459159851074 52.47764205932617 8.709649085998535 52.39556884765625
8.709649085998535 52.39556884765625 8.855890274047908 52.390602111816406
8.855890274047908 52.390602111816406 8.987609863281307 52.433849334716854
8.987609863281307 52.433849334716854 9.05136871337902 52.502090454101676
9.05136871337902 52.502090454101676 9.128499031066951 52.41379928588867
9.128499031066951 52.41379928588867 9.088550567626953 52.35715866088873
9.088550567626953 52.35715866088873 9.028349876403809 52.344982147216854
9.028349876403809 52.344982147216854 8.971660614013729 52.261981964111385
8.971660614013729 52.261981964111385 9.076158523559627 52.23384094238281
9.076158523559627 52.23384094238281 9.05608940124523 52.147731781005916
9.05608940124523 52.147731781005916 9.147498130798454 52.13426208496094
9.147498130798454 52.13426208496094 9.17996883392334 52.08628082275402
9.17996883392334 52.08628082275402 9.18529987335205 51.9744987487793
9.18529987335205 51.9744987487793 9.269420623779354 51.975749969482536
9.269420623779354 51.975749969482536 9.370468139648551 51.86161041259777
9.370468139648551 51.86161041259777 9.442108154296932 51.85514068603527
9.442108154296932 51.85514068603527 9.451158523559627 51.79259109497076
9.451158523559627 51.79259109497076 9.388999938964787 51.758239746093864
9.388999938964787 51.758239746093864 9.451740264892635 51.64538192749029
8.133959770202694 50.687709808349666 8.173588752746582 50.60026168823242
8.173588752746582 50.60026168823242 8.115130424499625 50.535751342773494
8.115130424499625 50.535751342773494 8.06255912780773 50.55733108520508
8.06255912780773 50.55733108520508 7.995588779449463 50.495899200439396
7.995588779449463 50.495899200439396 8.009419441223145 50.39920043945318
8.009419441223145 50.39920043945318 8.082799911498967 50.37416076660156
8.082799911498967 50.37416076660156 8.138090133667106 50.2965087890625
8.138090133667106 50.2965087890625 7.897068977355957 50.18106079101574
7.897068977355957 50.18106079101574 7.848290920257625 50.08341217041027
7.848290920257625 50.08341217041027 7.78512001037609 50.053112030029354
7.78512001037609 50.053112030029354 7.868689060211295 50.00823211669933
7.868689060211295 50.00823211669933 7.887711048126221 49.97066879272461
7.887711048126221 49.97066879272461 7.986810207367057 49.97499084472662
7.986810207367057 49.97499084472662 8.18796825408947 50.0324592590332
8.18796825408947 50.0324592590332 8.257689476013297 50.02706909179693
8.257689476013297 50.02706909179693 8.334729194641227 49.97375106811529
8.334729194641227 49.97375106811529 8.396700859069824 49.84989166259771
8.396700859069824 49.84989166259771 8.386138916015625 49.82003021240229
8.386138916015625 49.82003021240229 8.447199821472282 49.722358703613395
8.447199821472282 49.722358703613395 8.362480163574162 49.67544937133795
8.362480163574162 49.67544937133795 8.429039001464787 49.58562088012701
8.429039001464787 49.58562088012701 8.44361877441412 49.501579284668026
8.44361877441412 49.501579284668026 8.508850097656307 49.434150695800895
8.508850097656307 49.434150695800895 8.491369247436467 49.30128860473644
8.491369247436467 49.30128860473644 8.38765907287609 49.23448181152344
8.38765907287609 49.23448181152344 8.362239837646484 49.09968948364269
8.362239837646484 49.09968948364269 8.295299530029297 49.00415039062506
8.295299530029297 49.00415039062506 8.229839324951172 48.96836853027355
8.229839324951172 48.96836853027355 8.091376304626579 48.98925781250006
8.091376304626579 48.98925781250006 7.937040328979606 49.05623245239252
7.937040328979606 49.05623245239252 7.867407798767147 49.03349304199219
7.867407798767147 49.03349304199219 7.799933910369873 49.06416320800781
7.799933910369873 49.06416320800781 7.671083927154541 49.04597091674805
7.671083927154541 49.04597091674805 7.568486213684139 49.07990646362305
7.568486213684139 49.07990646362305 7.445586204528752 49.18402481079096
7.445586204528752 49.18402481079096 7.366024017333984 49.1710472106933
7.366024017333984 49.1710472106933 7.292399883270377 49.24573135375982
7.292399883270377 49.24573135375982 7.3808698654174805 49.28894042968756
7.3808698654174805 49.28894042968756 7.410618782043571 49.36322021484369
7.410618782043571 49.36322021484369 7.293569087982235 49.397098541259766
7.293569087982235 49.397098541259766 7.2607197761535645 49.45523071289068
7.2607197761535645 49.45523071289068 7.310669898986873 49.478969573974666
7.310669898986873 49.478969573974666 7.268489837646598 49.58148956298834
7.268489837646598 49.58148956298834 7.116670131683463 49.60208892822271
7.116670131683463 49.60208892822271 7.031869888305721 49.64682006835949
7.031869888305721 49.64682006835949 6.8667187690736 49.6137313842774
6.8667187690736 49.6137313842774 6.750059127807674 49.56032943725597
6.750059127807674 49.56032943725597 6.496758937835921 49.52909088134771
6.496758937835921 49.52909088134771 6.378159046173209 49.54800033569336
6.378159046173209 49.54800033569336 6.376737117767448 49.59218215942394
6.376737117767448 49.59218215942394 6.4240999221802895 49.66633224487316
6.4240999221802895 49.66633224487316 6.503182888031006 49.715709686279354
6.503182888031006 49.715709686279354 6.507969856262264 49.80574035644531
6.507969856262264 49.80574035644531 6.397451877593994 49.823604583740234
6.397451877593994 49.823604583740234 6.375780105590934 49.84922790527344
6.375780105590934 49.84922790527344 6.236907005310002 49.892372131347656
6.236907005310002 49.892372131347656 6.219171047210693 49.95164108276373
6.219171047210693 49.95164108276373 6.156370162963981 49.96126174926752
6.156370162963981 49.96126174926752 6.111769199371395 50.04904174804699
6.111769199371395 50.04904174804699 6.118379116058463 50.12276077270519
6.118379116058463 50.12276077270519 6.1896381378174965 50.189464569091854
6.1896381378174965 50.189464569091854 6.170382022857666 50.23625564575207
6.170382022857666 50.23625564575207 6.2756390571595375 50.26544189453125
6.2756390571595375 50.26544189453125 6.301178932190055 50.31853103637695
6.301178932190055 50.31853103637695 6.403338909149227 50.32192993164068
6.403338909149227 50.32192993164068 6.45967006683361 50.36001968383795
6.45967006683361 50.36001968383795 6.589530944824276 50.37755966186529
6.589530944824276 50.37755966186529 6.713931083679256 50.33449172973644
6.713931083679256 50.33449172973644 6.808158874511832 50.35760879516596
6.808158874511832 50.35760879516596 6.751090049743766 50.43357849121105
6.751090049743766 50.43357849121105 6.803999900817871 50.48480224609375
6.803999900817871 50.48480224609375 6.859858989715519 50.44908905029297
6.859858989715519 50.44908905029297 6.910038948059139 50.47333908081066
6.910038948059139 50.47333908081066 6.888179779052848 50.52133178710949
6.888179779052848 50.52133178710949 7.007449150085506 50.55913162231451
7.007449150085506 50.55913162231451 7.056681156158447 50.59838104248058
7.056681156158447 50.59838104248058 7.150808811187744 50.59461975097656
7.150808811187744 50.59461975097656 7.364080905914307 50.64413070678711
7.364080905914307 50.64413070678711 7.365079879760685 50.69998931884771
7.365079879760685 50.69998931884771 7.481769084930477 50.71567153930664
7.481769084930477 50.71567153930664 7.601678848266545 50.76486206054693
7.601678848266545 50.76486206054693 7.66074991226202 50.767059326171875
7.66074991226202 50.767059326171875 7.763558864593506 50.878620147705135
7.763558864593506 50.878620147705135 7.83456993103033 50.88114929199219
7.83456993103033 50.88114929199219 7.981119155883789 50.83068084716808
7.981119155883789 50.83068084716808 7.9743199348450275 50.774669647216854
7.9743199348450275 50.774669647216854 8.133959770202694 50.687709808349666
7.366024017333984 49.1710472106933 7.2934002876282875 49.115158081054744
7.2934002876282875 49.115158081054744 7.158799171447754 49.1207733154298
7.158799171447754 49.1207733154298 7.0337061882018475 49.18826293945324
7.0337061882018475 49.18826293945324 6.9348053932192215 49.222129821777344
6.9348053932192215 49.222129821777344 6.837654113769588 49.21126174926769
6.837654113769588 49.21126174926769 6.834462642669735 49.15137863159191
6.834462642669735 49.15137863159191 6.737987518310604 49.16456985473627
6.737987518310604 49.16456985473627 6.66784572601324 49.28043746948248
6.66784572601324 49.28043746948248 6.565380573272648 49.34928894042963
6.565380573272648 49.34928894042963 6.535418987274113 49.434162139892635
6.535418987274113 49.434162139892635 6.4224066734313965 49.47601318359381
6.4224066734313965 49.47601318359381 6.378159046173209 49.54800033569336
6.378159046173209 49.54800033569336 6.496758937835921 49.52909088134771
6.496758937835921 49.52909088134771 6.750059127807674 49.56032943725597
6.750059127807674 49.56032943725597 6.8667187690736 49.6137313842774
6.8667187690736 49.6137313842774 7.031869888305721 49.64682006835949
7.031869888305721 49.64682006835949 7.116670131683463 49.60208892822271
7.116670131683463 49.60208892822271 7.268489837646598 49.58148956298834
7.268489837646598 49.58148956298834 7.310669898986873 49.478969573974666
7.310669898986873 49.478969573974666 7.2607197761535645 49.45523071289068
7.2607197761535645 49.45523071289068 7.293569087982235 49.397098541259766
7.293569087982235 49.397098541259766 7.410618782043571 49.36322021484369
7.410618782043571 49.36322021484369 7.3808698654174805 49.28894042968756
7.3808698654174805 49.28894042968756 7.292399883270377 49.24573135375982
7.292399883270377 49.24573135375982 7.366024017333984 49.1710472106933
13.063730239868278 51.64789962768566 13.016320228576717 51.667060852050895
13.016320228576717 51.667060852050895 12.925069808960018 51.64247894287121
12.925069808960018 51.64247894287121 12.860198974609318 51.680339813232536
12.860198974609318 51.680339813232536 12.786640167236442 51.64440917968744
12.786640167236442 51.64440917968744 12.544399261474723 51.60338211059576
12.544399261474723 51.60338211059576 12.442049980163574 51.60470199584961
12.442049980163574 51.60470199584961 12.302309989929313 51.558441162109375
12.302309989929313 51.558441162109375 12.242150306701717 51.55913162231451
12.242150306701717 51.55913162231451 12.191019058227539 51.4306907653808
12.191019058227539 51.4306907653808 12.204987525940055 51.250221252441406
12.204987525940055 51.250221252441406 12.231939315795955 51.11392974853527
12.231939315795955 51.11392974853527 12.29712009429943 51.09484100341808
12.29712009429943 51.09484100341808 12.307490348816032 51.0249595642091
12.307490348816032 51.0249595642091 12.252470016479435 50.95586013793951
12.252470016479435 50.95586013793951 12.193419456481934 50.982120513916016
12.193419456481934 50.982120513916016 12.043869018554688 50.97587203979498
12.043869018554688 50.97587203979498 11.883781433105582 51.06132888793951
11.883781433105582 51.06132888793951 11.763709068298397 51.05065155029291
11.763709068298397 51.05065155029291 11.645148277282829 51.11373901367199
11.645148277282829 51.11373901367199 11.489728927612305 51.102561950683594
11.489728927612305 51.102561950683594 11.454509735107479 51.14707183837896
11.454509735107479 51.14707183837896 11.472960472106877 51.191650390625
11.472960472106877 51.191650390625 11.419919967651367 51.24729919433588
11.419919967651367 51.24729919433588 11.480478286743164 51.299148559570426
11.480478286743164 51.299148559570426 11.426947593689079 51.32519149780285
11.426947593689079 51.32519149780285 11.39778041839611 51.38454055786133
11.39778041839611 51.38454055786133 11.147039413452205 51.402809143066406
11.147039413452205 51.402809143066406 11.07571983337408 51.42858886718756
11.07571983337408 51.42858886718756 10.992289543151912 51.4169807434082
10.992289543151912 51.4169807434082 10.962779998779354 51.49143218994135
10.962779998779354 51.49143218994135 10.897368431091309 51.55461883544922
10.897368431091309 51.55461883544922 10.861859321594238 51.633220672607536
10.861859321594238 51.633220672607536 10.705129623413143 51.64355087280268
10.705129623413143 51.64355087280268 10.577259063720703 51.80934906005871
10.577259063720703 51.80934906005871 10.582900047302303 51.85507202148443
10.582900047302303 51.85507202148443 10.64960956573492 51.88962936401367
10.64960956573492 51.88962936401367 10.569430351257381 52.01726150512695
10.569430351257381 52.01726150512695 10.636878967285213 52.016479492187614
10.636878967285213 52.016479492187614 10.691758155822697 52.05276870727545
10.691758155822697 52.05276870727545 10.974808692932072 52.05725097656256
10.974808692932072 52.05725097656256 10.94927978515625 52.10540008544933
10.94927978515625 52.10540008544933 11.050539970398063 52.13394165039068
11.050539970398063 52.13394165039068 11.02023887634283 52.17837905883789
11.02023887634283 52.17837905883789 11.091659545898551 52.229389190673885
11.091659545898551 52.229389190673885 10.99966144561779 52.34056854248058
10.99966144561779 52.34056854248058 11.035769462585506 52.384651184081974
11.035769462585506 52.384651184081974 10.936208724975529 52.459011077880916
10.936208724975529 52.459011077880916 10.972538948059139 52.499290466308594
10.972538948059139 52.499290466308594 10.927108764648438 52.60639190673834
10.927108764648438 52.60639190673834 10.790019035339299 52.74053192138683
10.790019035339299 52.74053192138683 10.760579109191895 52.792900085449276
10.760579109191895 52.792900085449276 10.772189140319881 52.854450225830135
10.772189140319881 52.854450225830135 10.942508697509766 52.85137939453119
10.942508697509766 52.85137939453119 10.998458862304688 52.9099693298341
10.998458862304688 52.9099693298341 11.160360336303711 52.90460968017578
11.160360336303711 52.90460968017578 11.321439743042106 52.87369918823248
11.321439743042106 52.87369918823248 11.47671985626215 52.93581008911133
11.47671985626215 52.93581008911133 11.514609336853084 52.99877166748058
11.514609336853084 52.99877166748058 11.60176944732666 53.031551361083984
11.60176944732666 53.031551361083984 11.687638282775879 52.98247146606457
11.687638282775879 52.98247146606457 11.743320465088004 52.985698699951286
11.743320465088004 52.985698699951286 11.828538894653434 52.92173004150402
11.828538894653434 52.92173004150402 11.981528282165584 52.87200927734375
11.981528282165584 52.87200927734375 12.086408615112362 52.88214111328125
12.086408615112362 52.88214111328125 12.239218711853084 52.84344863891613
12.239218711853084 52.84344863891613 12.262378692626953 52.7912216186524
12.262378692626953 52.7912216186524 12.204960823059082 52.71015930175787
12.204960823059082 52.71015930175787 12.246099472045955 52.64295196533203
12.246099472045955 52.64295196533203 12.183770179748592 52.602798461914176
12.183770179748592 52.602798461914176 12.175079345703068 52.502780914306754
12.175079345703068 52.502780914306754 12.333218574523983 52.471462249755916
12.333218574523983 52.471462249755916 12.301250457763615 52.419929504394474
12.301250457763615 52.419929504394474 12.311418533325252 52.345729827880916
12.311418533325252 52.345729827880916 12.25396919250494 52.25008010864252
12.25396919250494 52.25008010864252 12.271249771118107 52.21287918090832
12.271249771118107 52.21287918090832 12.227298736572266 52.161540985107536
12.227298736572266 52.161540985107536 12.280429840088004 52.10176849365246
12.280429840088004 52.10176849365246 12.43582820892334 52.01491165161127
12.43582820892334 52.01491165161127 12.490827560424918 52.0290412902832
12.490827560424918 52.0290412902832 12.549958229064941 51.980232238769645
12.549958229064941 51.980232238769645 12.714208602905387 52.0003395080567
12.714208602905387 52.0003395080567 12.858329772949219 51.965129852294865
12.858329772949219 51.965129852294865 12.863180160522575 51.931758880615234
12.863180160522575 51.931758880615234 12.972139358520565 51.933971405029354
12.972139358520565 51.933971405029354 12.98296928405756 51.90053176879883
12.98296928405756 51.90053176879883 13.137908935546818 51.84654998779308
13.137908935546818 51.84654998779308 13.178320884704533 51.80157852172857
13.178320884704533 51.80157852172857 13.179808616638297 51.690589904785156
13.179808616638297 51.690589904785156 13.063730239868278 51.64789962768566
13.063730239868278 51.64789962768566 13.226419448852653 51.512451171875
13.226419448852653 51.512451171875 13.200678825378532 51.472179412841854
13.200678825378532 51.472179412841854 13.233359336853084 51.39775848388683
13.233359336853084 51.39775848388683 13.330400466918888 51.42581176757824
13.330400466918888 51.42581176757824 13.444268226623535 51.431350708007756
13.444268226623535 51.431350708007756 13.54295921325695 51.381359100341854
13.54295921325695 51.381359100341854 13.761530876159668 51.362152099609375
13.761530876159668 51.362152099609375 13.971598625183162 51.39891052246105
13.971598625183162 51.39891052246105 14.015210151672306 51.37430191040045
14.015210151672306 51.37430191040045 14.147539138793945 51.541671752929744
14.147539138793945 51.541671752929744 14.337259292602653 51.51226043701172
14.337259292602653 51.51226043701172 14.458319664001579 51.55138015747082
14.458319664001579 51.55138015747082 14.676649093628043 51.558349609375114
14.676649093628043 51.558349609375114 14.71082973480236 51.58467864990246
14.71082973480236 51.58467864990246 14.731350898742733 51.52822113037121
14.731350898742733 51.52822113037121 14.910359382629395 51.49319076538097
14.910359382629395 51.49319076538097 14.963753700256404 51.45354461669922
14.963753700256404 51.45354461669922 14.96679878234869 51.36339569091808
14.96679878234869 51.36339569091808 15.033869743347111 51.295089721679744
15.033869743347111 51.295089721679744 14.977331161499023 51.07943725585949
14.977331161499023 51.07943725585949 14.899223327636776 50.94928741455084
14.899223327636776 50.94928741455084 14.820368766784725 50.89197158813482
14.820368766784725 50.89197158813482 14.778250694274902 50.82465362548828
14.778250694274902 50.82465362548828 14.642418861389274 50.84740066528332
14.642418861389274 50.84740066528332 14.626298904418945 50.89878082275402
14.626298904418945 50.89878082275402 14.565681457519588 50.93638610839855
14.565681457519588 50.93638610839855 14.595055580139217 50.98851013183594
14.595055580139217 50.98851013183594 14.448800086975211 51.03070068359381
14.448800086975211 51.03070068359381 14.263107299804688 51.01636123657238
14.263107299804688 51.01636123657238 14.258379936218262 50.97280883789074
14.258379936218262 50.97280883789074 14.400946617126465 50.94234848022472
14.400946617126465 50.94234848022472 14.37226867675787 50.888580322265625
14.37226867675787 50.888580322265625 14.041428565978947 50.804660797119254
14.041428565978947 50.804660797119254 13.89546871185297 50.78346633911144
13.89546871185297 50.78346633911144 13.856819152832031 50.721721649169865
13.856819152832031 50.721721649169865 13.652745246887264 50.733047485351676
13.652745246887264 50.733047485351676 13.548975944519157 50.713214874267635
13.548975944519157 50.713214874267635 13.525968551635856 50.63554000854492
13.525968551635856 50.63554000854492 13.46564865112316 50.60393142700201
13.46564865112316 50.60393142700201 13.37684154510498 50.627235412597656
13.37684154510498 50.627235412597656 13.284665107727164 50.57914352416998
13.284665107727164 50.57914352416998 13.248618125915584 50.59226989746105
13.248618125915584 50.59226989746105 13.195990562439022 50.50059127807623
13.195990562439022 50.50059127807623 13.033267021179142 50.508548736572266
13.033267021179142 50.508548736572266 13.028186798095703 50.44935989379877
13.028186798095703 50.44935989379877 12.935789108276424 50.40698623657238
12.935789108276424 50.40698623657238 12.843469619750977 50.4550895690918
12.843469619750977 50.4550895690918 12.706069946289006 50.4089813232423
12.706069946289006 50.4089813232423 12.516113281249943 50.40008544921875
12.516113281249943 50.40008544921875 12.493091583252067 50.349159240722656
12.493091583252067 50.349159240722656 12.406117439270133 50.320255279541016
12.406117439270133 50.320255279541016 12.358576774597282 50.26696014404297
12.358576774597282 50.26696014404297 12.273498535156193 50.23492431640625
12.273498535156193 50.23492431640625 12.125018119812012 50.313156127929744
12.125018119812012 50.313156127929744 11.975892066955623 50.35607910156256
11.975892066955623 50.35607910156256 11.927703857421875 50.42685699462896
11.927703857421875 50.42685699462896 11.971313476562614 50.49029541015625
11.971313476562614 50.49029541015625 11.9324951171875 50.56091308593756
11.9324951171875 50.56091308593756 11.95727634429926 50.60192871093756
11.95727634429926 50.60192871093756 12.034618377685547 50.60200881958008
12.034618377685547 50.60200881958008 12.03888034820568 50.55749511718756
12.03888034820568 50.55749511718756 12.13488674163824 50.579895019531364
12.13488674163824 50.579895019531364 12.28943920135498 50.69549942016607
12.28943920135498 50.69549942016607 12.242568969726676 50.74710845947271
12.242568969726676 50.74710845947271 12.255799293518066 50.81661987304682
12.255799293518066 50.81661987304682 12.45154953002924 50.84682846069347
12.45154953002924 50.84682846069347 12.500049591064453 50.8973121643067
12.500049591064453 50.8973121643067 12.666169166564998 50.92364883422857
12.666169166564998 50.92364883422857 12.632898330688477 50.986862182617244
12.632898330688477 50.986862182617244 12.55032062530529 50.999340057373104
12.55032062530529 50.999340057373104 12.51662826538086 51.06608200073248
12.51662826538086 51.06608200073248 12.3450088500976 51.1052818298341
12.3450088500976 51.1052818298341 12.29712009429943 51.09484100341808
12.29712009429943 51.09484100341808 12.231939315795955 51.11392974853527
12.231939315795955 51.11392974853527 12.204987525940055 51.250221252441406
12.204987525940055 51.250221252441406 12.191019058227539 51.4306907653808
12.191019058227539 51.4306907653808 12.242150306701717 51.55913162231451
12.242150306701717 51.55913162231451 12.302309989929313 51.558441162109375
12.302309989929313 51.558441162109375 12.442049980163574 51.60470199584961
12.442049980163574 51.60470199584961 12.544399261474723 51.60338211059576
12.544399261474723 51.60338211059576 12.786640167236442 51.64440917968744
12.786640167236442 51.64440917968744 12.860198974609318 51.680339813232536
12.860198974609318 51.680339813232536 12.925069808960018 51.64247894287121
12.925069808960018 51.64247894287121 13.016320228576717 51.667060852050895
13.016320228576717 51.667060852050895 13.063730239868278 51.64789962768566
12.29712009429943 51.09484100341808 12.3450088500976 51.1052818298341
12.3450088500976 51.1052818298341 12.51662826538086 51.06608200073248
12.51662826538086 51.06608200073248 12.55032062530529 50.999340057373104
12.55032062530529 50.999340057373104 12.632898330688477 50.986862182617244
12.632898330688477 50.986862182617244 12.666169166564998 50.92364883422857
12.666169166564998 50.92364883422857 12.500049591064453 50.8973121643067
12.500049591064453 50.8973121643067 12.45154953002924 50.84682846069347
12.45154953002924 50.84682846069347 12.255799293518066 50.81661987304682
12.255799293518066 50.81661987304682 12.242568969726676 50.74710845947271
12.242568969726676 50.74710845947271 12.28943920135498 50.69549942016607
12.28943920135498 50.69549942016607 12.13488674163824 50.579895019531364
12.13488674163824 50.579895019531364 12.03888034820568 50.55749511718756
12.03888034820568 50.55749511718756 12.034618377685547 50.60200881958008
12.034618377685547 50.60200881958008 11.95727634429926 50.60192871093756
11.95727634429926 50.60192871093756 11.9324951171875 50.56091308593756
11.9324951171875 50.56091308593756 11.971313476562614 50.49029541015625
11.971313476562614 50.49029541015625 11.927703857421875 50.42685699462896
11.927703857421875 50.42685699462896 11.827100753784293 50.39291000366211
11.827100753784293 50.39291000366211 11.787029266357365 50.422641754150504
11.787029266357365 50.422641754150504 11.698430061340389 50.39630889892584
11.698430061340389 50.39630889892584 11.533889770507812 50.381019592285156
11.533889770507812 50.381019592285156 11.417508125305233 50.451450347900334
11.417508125305233 50.451450347900334 11.43009090423584 50.51472091674816
11.43009090423584 50.51472091674816 11.248118400573844 50.47689056396496
11.248118400573844 50.47689056396496 11.27088928222662 50.41751098632818
11.27088928222662 50.41751098632818 11.245929718017578 50.26517868041998
11.245929718017578 50.26517868041998 11.113239288330135 50.36489868164074
11.113239288330135 50.36489868164074 11.038508415222282 50.34236145019537
11.038508415222282 50.34236145019537 10.934719085693416 50.390232086181584
10.934719085693416 50.390232086181584 10.831380844116268 50.38624954223633
10.831380844116268 50.38624954223633 10.723039627075309 50.32294845581055
10.723039627075309 50.32294845581055 10.80930042266857 50.274822235107536
10.80930042266857 50.274822235107536 10.734579086303825 50.207328796386776
10.734579086303825 50.207328796386776 10.617910385131836 50.22182083129883
10.617910385131836 50.22182083129883 10.581978797912654 50.330200195312614
10.581978797912654 50.330200195312614 10.416999816894588 50.393390655517635
10.416999816894588 50.393390655517635 10.328149795532283 50.49032211303722
10.328149795532283 50.49032211303722 10.2043199539184 50.553798675537166
10.2043199539184 50.553798675537166 10.098520278930721 50.5498886108399
10.098520278930721 50.5498886108399 10.039758682251033 50.51588058471691
10.039758682251033 50.51588058471691 10.063029289245662 50.55731201171881
10.063029289245662 50.55731201171881 10.03817081451416 50.61396026611334
10.03817081451416 50.61396026611334 10.048980712890625 50.67726135253912
10.048980712890625 50.67726135253912 9.873539924621696 50.6746711730957
9.873539924621696 50.6746711730957 9.938960075378361 50.73741912841808
9.938960075378361 50.73741912841808 9.950229644775504 50.82239913940441
9.950229644775504 50.82239913940441 9.998019218444881 50.82971191406256
9.998019218444881 50.82971191406256 10.062809944152775 50.89242172241222
10.062809944152775 50.89242172241222 10.014289855957031 50.937171936035156
10.014289855957031 50.937171936035156 10.042918205261174 51.01494216918945
10.042918205261174 51.01494216918945 10.197978973388786 50.999240875244084
10.197978973388786 50.999240875244084 10.149688720703125 51.05513000488287
10.149688720703125 51.05513000488287 10.237089157104549 51.18072891235357
10.237089157104549 51.18072891235357 10.075889587402344 51.22618103027344
10.075889587402344 51.22618103027344 10.027479171752987 51.27843093872082
10.027479171752987 51.27843093872082 9.949359893798828 51.304889678955135
9.949359893798828 51.304889678955135 9.93714809417719 51.37919998168945
9.93714809417719 51.37919998168945 10.025360107421875 51.41965103149414
10.025360107421875 51.41965103149414 10.173248291015682 51.44480133056646
10.173248291015682 51.44480133056646 10.338228225708065 51.51441955566412
10.338228225708065 51.51441955566412 10.443818092346191 51.58860015869146
10.443818092346191 51.58860015869146 10.52212905883789 51.55052185058605
10.52212905883789 51.55052185058605 10.640660285949764 51.58024978637695
10.640660285949764 51.58024978637695 10.705129623413143 51.64355087280268
10.705129623413143 51.64355087280268 10.861859321594238 51.633220672607536
10.861859321594238 51.633220672607536 10.897368431091309 51.55461883544922
10.897368431091309 51.55461883544922 10.962779998779354 51.49143218994135
10.962779998779354 51.49143218994135 10.992289543151912 51.4169807434082
10.992289543151912 51.4169807434082 11.07571983337408 51.42858886718756
11.07571983337408 51.42858886718756 11.147039413452205 51.402809143066406
11.147039413452205 51.402809143066406 11.39778041839611 51.38454055786133
11.39778041839611 51.38454055786133 11.426947593689079 51.32519149780285
11.426947593689079 51.32519149780285 11.480478286743164 51.299148559570426
11.480478286743164 51.299148559570426 11.419919967651367 51.24729919433588
11.419919967651367 51.24729919433588 11.472960472106877 51.191650390625
11.472960472106877 51.191650390625 11.454509735107479 51.14707183837896
11.454509735107479 51.14707183837896 11.489728927612305 51.102561950683594
11.489728927612305 51.102561950683594 11.645148277282829 51.11373901367199
11.645148277282829 51.11373901367199 11.763709068298397 51.05065155029291
11.763709068298397 51.05065155029291 11.883781433105582 51.06132888793951
11.883781433105582 51.06132888793951 12.043869018554688 50.97587203979498
12.043869018554688 50.97587203979498 12.193419456481934 50.982120513916016
12.193419456481934 50.982120513916016 12.252470016479435 50.95586013793951
12.252470016479435 50.95586013793951 12.307490348816032 51.0249595642091
12.307490348816032 51.0249595642091 12.29712009429943 51.09484100341808
