1206
280741.24927727866 5235888.796437771 920532.8341195299 6100414.795093804
545949.514596431 5270227.4454384 541856.2203322418 5270840.670903386
541856.2203322418 5270840.670903386 539048.3643484234 5276439.74091033
539048.3643484234 5276439.74091033 530804.797045167 5279743.507338726
530804.797045167 5279743.507338726 526647.10274178 5279052.256327295
526647.10274178 5279052.256327295 513270.3956111459 5287168.6009016875
513270.3956111459 5287168.6009016875 516601.55092515313 5279441.436682434
516601.55092515313 5279441.436682434 509726.57509682013 5279519.154398726
509726.57509682013 5279519.154398726 501961.279002435 5286597.515967274
501961.279002435 5286597.515967274 495607.6278837528 5278717.327421224
495607.6278837528 5278717.327421224 490908.4611480817 5278372.5773789175
490908.4611480817 5278372.5773789175 489198.9069141371 5283891.291346057
489198.9069141371 5283891.291346057 483713.3343704232 5280978.697891291
483713.3343704232 5280978.697891291 479583.19208409684 5282642.2441943735
479583.19208409684 5282642.2441943735 480554.9574168744 5289441.9648577105
480554.9574168744 5289441.9648577105 471534.4013542513 5294590.7341090925
471534.4013542513 5294590.7341090925 461553.5896219168 5291898.827486042
461553.5896219168 5291898.827486042 455320.11937342986 5280766.713784078
455320.11937342986 5280766.713784078 460030.110604446 5277066.27451011
460030.110604446 5277066.27451011 470087.46436112665 5280479.533645806
470087.46436112665 5280479.533645806 470364.4059386415 5273720.856699073
470364.4059386415 5273720.856699073 463858.596925253 5276021.590755174
463858.596925253 5276021.590755174 457686.4862979198 5268819.054922113
457686.4862979198 5268819.054922113 449251.4796840836 5269403.547846241
449251.4796840836 5269403.547846241 447078.52269414836 5273148.017180451
447078.52269414836 5273148.017180451 440109.7827187375 5275058.1458144495
440109.7827187375 5275058.1458144495 432191.8592619356 5268453.180528192
432191.8592619356 5268453.180528192 418034.36858721776 5267708.253998649
418034.36858721776 5267708.253998649 416359.7037067291 5271859.142553933
416359.7037067291 5271859.142553933 399866.39879639 5265712.555052142
399866.39879639 5265712.555052142 389227.6768057842 5279587.638947056
389227.6768057842 5279587.638947056 391179.9973558953 5287912.807062159
391179.9973558953 5287912.807062159 389904.7303091682 5293277.246376271
389904.7303091682 5293277.246376271 392166.91845769796 5304074.942141334
392166.91845769796 5304074.942141334 397167.82043582445 5314291.160015645
397167.82043582445 5314291.160015645 393299.43044607074 5321330.301461427
393299.43044607074 5321330.301461427 394164.9851426685 5330770.5577412415
394164.9851426685 5330770.5577412415 400927.7516533358 5341735.072259826
400927.7516533358 5341735.072259826 403144.71433246526 5350704.836214955
403144.71433246526 5350704.836214955 406998.9480816254 5353720.863104915
406998.9480816254 5353720.863104915 406259.36137572373 5361388.772420437
406259.36137572373 5361388.772420437 408883.4649995789 5371142.718417528
408883.4649995789 5371142.718417528 411759.31743379065 5374065.491700749
411759.31743379065 5374065.491700749 411512.7452759217 5381815.078159404
411512.7452759217 5381815.078159404 414926.46161306585 5388696.000836173
414926.46161306585 5388696.000836173 418733.21578671143 5391049.9279705575
418733.21578671143 5391049.9279705575 434008.13800144644 5407370.756135972
434008.13800144644 5407370.756135972 437081.9142009295 5416257.917432501
437081.9142009295 5416257.917432501 443633.0728540991 5424225.253552303
443633.0728540991 5424225.253552303 448460.8908134584 5428156.385317942
448460.8908134584 5428156.385317942 453445.91514261655 5438733.726372782
453445.91514261655 5438733.726372782 455422.5867862301 5453702.962229608
455422.5867862301 5453702.962229608 463022.4466425315 5461073.920547602
463022.4466425315 5461073.920547602 464389.39454855723 5475836.0257589035
464389.39454855723 5475836.0257589035 459715.1760066993 5483365.142436767
459715.1760066993 5483365.142436767 458730.3796917575 5492716.356150201
458730.3796917575 5492716.356150201 461623.3890549956 5493251.200733241
461623.3890549956 5493251.200733241 467954.18485399126 5485782.2500687195
467954.18485399126 5485782.2500687195 472480.202403277 5488025.240894773
472480.202403277 5488025.240894773 471129.8901447752 5495706.163322142
471129.8901447752 5495706.163322142 477336.7523216601 5497600.089040033
477336.7523216601 5497600.089040033 479125.863884073 5487504.604486105
479125.863884073 5487504.604486105 487520.4809073504 5480512.621657155
487520.4809073504 5480512.621657155 489686.6480499901 5472479.121694168
489686.6480499901 5472479.121694168 496749.9750882543 5478691.404220152
496749.9750882543 5478691.404220152 497116.679522149 5483168.394511222
497116.679522149 5483168.394511222 503394.8287846358 5483654.706362879
503394.8287846358 5483654.706362879 507875.36099726585 5492274.133429296
507875.36099726585 5492274.133429296 514559.56487427326 5491464.300747483
514559.56487427326 5491464.300747483 519519.83785446687 5493505.381843959
519519.83785446687 5493505.381843959 521488.77022853715 5499260.812706468
521488.77022853715 5499260.812706468 528537.1915177525 5498855.178646966
528537.1915177525 5498855.178646966 530887.7237443237 5504220.048817193
530887.7237443237 5504220.048817193 526319.1315715255 5505849.586564838
526319.1315715255 5505849.586564838 523297.29361666297 5512835.469408544
523297.29361666297 5512835.469408544 540813.1410118885 5513833.4472939735
540813.1410118885 5513833.4472939735 547195.7039887886 5515217.254125841
547195.7039887886 5515217.254125841 545540.640575614 5505227.638711245
545540.640575614 5505227.638711245 557374.9647990866 5507945.205747348
557374.9647990866 5507945.205747348 563623.2946700415 5494871.143588714
563623.2946700415 5494871.143588714 567522.2159781674 5489615.318887664
567522.2159781674 5489615.318887664 566961.4416109719 5482197.545339832
566961.4416109719 5482197.545339832 573184.1798486223 5481136.868748552
573184.1798486223 5481136.868748552 578412.1428572718 5484973.152202204
578412.1428572718 5484973.152202204 585080.0346691357 5471642.593798764
585080.0346691357 5471642.593798764 580738.3201917621 5465375.936884821
580738.3201917621 5465375.936884821 584129.3546710329 5463023.947203838
584129.3546710329 5463023.947203838 583267.8356772186 5450327.843060672
583267.8356772186 5450327.843060672 590477.0773982875 5446063.961071219
590477.0773982875 5446063.961071219 589379.1912550426 5440724.452415763
589379.1912550426 5440724.452415763 592079.8884144374 5433878.110449753
592079.8884144374 5433878.110449753 599320.0231485821 5430450.174170224
599320.0231485821 5430450.174170224 607429.5901716211 5421632.8520772075
607429.5901716211 5421632.8520772075 607214.659841065 5408902.1176047735
607214.659841065 5408902.1176047735 605279.0298620235 5400679.0726681445
605279.0298620235 5400679.0726681445 609473.7314926086 5397002.061308322
609473.7314926086 5397002.061308322 607492.3457101692 5391650.909002952
607492.3457101692 5391650.909002952 593350.7591773366 5390731.746687397
593350.7591773366 5390731.746687397 598040.0200492606 5385463.519016326
598040.0200492606 5385463.519016326 596103.5797218775 5375193.505889525
596103.5797218775 5375193.505889525 592753.9484408088 5375608.688684182
592753.9484408088 5375608.688684182 587079.3966867555 5368796.51282694
587079.3966867555 5368796.51282694 576718.2229865094 5368322.9330308335
576718.2229865094 5368322.9330308335 575606.1267586625 5362503.897948064
575606.1267586625 5362503.897948064 571941.9838695434 5359462.215465448
571941.9838695434 5359462.215465448 579252.07018485 5348591.4667437645
579252.07018485 5348591.4667437645 579392.6021309195 5342381.06428957
579392.6021309195 5342381.06428957 585192.4641514441 5322629.948833243
585192.4641514441 5322629.948833243 582273.8318173883 5303019.807504115
582273.8318173883 5303019.807504115 584456.54640824 5296427.091527739
584456.54640824 5296427.091527739 584707.4380990833 5281022.4220060585
584707.4380990833 5281022.4220060585 574818.8726429155 5281627.158356938
574818.8726429155 5281627.158356938 572426.3921169267 5278274.218984997
572426.3921169267 5278274.218984997 564582.4456872189 5281004.121841372
564582.4456872189 5281004.121841372 555710.4191898972 5272931.899628321
555710.4191898972 5272931.899628321 550350.825649777 5273578.916561687
550350.825649777 5273578.916561687 545949.514596431 5270227.4454384
707939.3944676052 5590189.045509852 711676.4948485197 5582457.095920025
711676.4948485197 5582457.095920025 722482.5158959343 5578120.959699379
722482.5158959343 5578120.959699379 721151.5500897354 5570298.533226881
721151.5500897354 5570298.533226881 725403.3072850866 5568948.933924233
725403.3072850866 5568948.933924233 729221.8036939084 5562785.549622758
729221.8036939084 5562785.549622758 728714.0838878313 5555965.052325512
728714.0838878313 5555965.052325512 733254.2313937191 5553967.866000283
733254.2313937191 5553967.866000283 741833.6972377398 5545926.131598576
741833.6972377398 5545926.131598576 748558.7131638571 5543938.51587562
748558.7131638571 5543938.51587562 749374.9981409509 5537762.495472386
749374.9981409509 5537762.495472386 754646.4988681243 5533018.74519063
754646.4988681243 5533018.74519063 750491.0394798433 5526993.596149469
750491.0394798433 5526993.596149469 749470.6147805275 5520523.832495257
749470.6147805275 5520523.832495257 745453.9355447303 5518212.228088506
745453.9355447303 5518212.228088506 748842.712735562 5511351.6313953735
748842.712735562 5511351.6313953735 754438.970914243 5509891.882645452
754438.970914243 5509891.882645452 754548.6713079262 5503725.129784595
754548.6713079262 5503725.129784595 757879.6074017731 5501353.726902716
757879.6074017731 5501353.726902716 759542.4416481447 5494119.787215632
759542.4416481447 5494119.787215632 763790.6831382688 5492882.673463481
763790.6831382688 5492882.673463481 765428.0557823679 5481945.436123713
765428.0557823679 5481945.436123713 771305.7701574867 5479830.499646997
771305.7701574867 5479830.499646997 776197.7797058967 5473098.309806016
776197.7797058967 5473098.309806016 787068.75773937 5473690.979575465
787068.75773937 5473690.979575465 793722.1178558881 5465067.801732641
793722.1178558881 5465067.801732641 798073.9441079274 5462611.857813856
798073.9441079274 5462611.857813856 799944.0390291449 5457442.684486032
799944.0390291449 5457442.684486032 809676.1736084877 5448817.241017313
809676.1736084877 5448817.241017313 813415.0043643665 5449707.426620509
813415.0043643665 5449707.426620509 821721.2951075772 5442558.931034466
821721.2951075772 5442558.931034466 822573.4639655503 5434589.487131507
822573.4639655503 5434589.487131507 826893.3322067983 5432727.198553763
826893.3322067983 5432727.198553763 835776.320108969 5434117.9076931635
835776.320108969 5434117.9076931635 842420.6671980881 5424986.745553554
842420.6671980881 5424986.745553554 848343.625267515 5424397.964475736
848343.625267515 5424397.964475736 855248.9304440292 5413738.335579542
855248.9304440292 5413738.335579542 853653.4868700049 5409217.32247059
853653.4868700049 5409217.32247059 855440.347395903 5398820.785293724
855440.347395903 5398820.785293724 854155.2998185607 5391563.356487279
854155.2998185607 5391563.356487279 848592.3871881422 5384512.746217169
848592.3871881422 5384512.746217169 833187.879694877 5392431.540424098
833187.879694877 5392431.540424098 828468.369618621 5386138.905067503
828468.369618621 5386138.905067503 826565.5193779415 5367690.69948493
826565.5193779415 5367690.69948493 818651.2637469921 5359679.218546214
818651.2637469921 5359679.218546214 810334.0044219429 5357956.71510825
810334.0044219429 5357956.71510825 798399.76433281 5353067.605555758
798399.76433281 5353067.605555758 794368.6673719899 5348002.126398969
794368.6673719899 5348002.126398969 787389.6178012067 5346175.035412101
787389.6178012067 5346175.035412101 785421.5615145687 5341427.991640109
785421.5615145687 5341427.991640109 779302.3422868199 5336151.796813361
779302.3422868199 5336151.796813361 781085.7052334475 5331274.427374387
781085.7052334475 5331274.427374387 787780.2338169619 5325786.235958669
787780.2338169619 5325786.235958669 789722.842580735 5319259.653522649
789722.842580735 5319259.653522649 793873.4726409805 5317731.672828767
793873.4726409805 5317731.672828767 799294.899403661 5307630.512151909
799294.899403661 5307630.512151909 793253.551679064 5293842.165532779
793253.551679064 5293842.165532779 801058.3795711778 5294068.064484519
801058.3795711778 5294068.064484519 806253.0432801708 5290071.483200048
806253.0432801708 5290071.483200048 808363.6311599211 5284370.601877433
808363.6311599211 5284370.601877433 801759.5616804969 5265032.670407574
801759.5616804969 5265032.670407574 794704.3522056126 5267792.4541472085
794704.3522056126 5267792.4541472085 784323.9532027591 5276723.697970057
784323.9532027591 5276723.697970057 787544.0110814262 5280748.348690796
787544.0110814262 5280748.348690796 780429.95415807 5287745.445976909
780429.95415807 5287745.445976909 770588.0125954419 5286949.721969644
770588.0125954419 5286949.721969644 768717.6430204249 5281877.105683074
768717.6430204249 5281877.105683074 763392.0645217774 5281007.4586342685
763392.0645217774 5281007.4586342685 756548.4521683407 5288485.965198746
756548.4521683407 5288485.965198746 743732.8140195181 5286679.353879017
743732.8140195181 5286679.353879017 738163.3716628046 5287733.199855918
738163.3716628046 5287733.199855918 742058.3691238976 5277972.264080848
742058.3691238976 5277972.264080848 735860.8622841877 5276819.961327403
735860.8622841877 5276819.961327403 725030.7490493626 5278220.929512734
725030.7490493626 5278220.929512734 714829.490152959 5273470.660257589
714829.490152959 5273470.660257589 708797.7758180542 5275005.435550206
708797.7758180542 5275005.435550206 700577.1538823245 5273766.484285641
700577.1538823245 5273766.484285641 695082.4544653884 5269861.968524245
695082.4544653884 5269861.968524245 694336.1717167594 5265272.398035406
694336.1717167594 5265272.398035406 683516.4228745206 5265082.736664383
683516.4228745206 5265082.736664383 672986.2168861008 5255523.210786961
672986.2168861008 5255523.210786961 662245.2341636533 5254478.432307375
662245.2341636533 5254478.432307375 658260.7465300709 5251273.129076062
658260.7465300709 5251273.129076062 649226.0334463465 5253975.398786584
649226.0334463465 5253975.398786584 640858.7639121545 5262653.694799712
640858.7639121545 5262653.694799712 633414.5334534419 5264045.5976505475
633414.5334534419 5264045.5976505475 626848.3399734402 5268790.202358848
626848.3399734402 5268790.202358848 620338.0362173253 5269730.935484349
620338.0362173253 5269730.935484349 618546.319836573 5266546.487109389
618546.319836573 5266546.487109389 612203.5566751661 5266805.049063963
612203.5566751661 5266805.049063963 607762.3715590399 5262472.957489408
607762.3715590399 5262472.957489408 610968.6843847866 5254340.353416054
610968.6843847866 5254340.353416054 600029.8914907913 5239639.666485287
600029.8914907913 5239639.666485287 593157.009275037 5235888.796437771
593157.009275037 5235888.796437771 588516.519929457 5238327.133458153
588516.519929457 5238327.133458153 592989.4943446468 5247294.398716738
592989.4943446468 5247294.398716738 575132.2887342824 5259680.877591873
575132.2887342824 5259680.877591873 571878.3817777466 5265276.398024417
571878.3817777466 5265276.398024417 555104.0744018669 5266030.347402175
555104.0744018669 5266030.347402175 545949.514596431 5270227.4454384
545949.514596431 5270227.4454384 550350.825649777 5273578.916561687
550350.825649777 5273578.916561687 555710.4191898972 5272931.899628321
555710.4191898972 5272931.899628321 564582.4456872189 5281004.121841372
564582.4456872189 5281004.121841372 572426.3921169267 5278274.218984997
572426.3921169267 5278274.218984997 574818.8726429155 5281627.158356938
574818.8726429155 5281627.158356938 584707.4380990833 5281022.4220060585
584707.4380990833 5281022.4220060585 584456.54640824 5296427.091527739
584456.54640824 5296427.091527739 582273.8318173883 5303019.807504115
582273.8318173883 5303019.807504115 585192.4641514441 5322629.948833243
585192.4641514441 5322629.948833243 579392.6021309195 5342381.06428957
579392.6021309195 5342381.06428957 579252.07018485 5348591.4667437645
579252.07018485 5348591.4667437645 571941.9838695434 5359462.215465448
571941.9838695434 5359462.215465448 575606.1267586625 5362503.897948064
575606.1267586625 5362503.897948064 576718.2229865094 5368322.9330308335
576718.2229865094 5368322.9330308335 587079.3966867555 5368796.51282694
587079.3966867555 5368796.51282694 592753.9484408088 5375608.688684182
592753.9484408088 5375608.688684182 596103.5797218775 5375193.505889525
596103.5797218775 5375193.505889525 598040.0200492606 5385463.519016326
598040.0200492606 5385463.519016326 593350.7591773366 5390731.746687397
593350.7591773366 5390731.746687397 607492.3457101692 5391650.909002952
607492.3457101692 5391650.909002952 609473.7314926086 5397002.061308322
609473.7314926086 5397002.061308322 605279.0298620235 5400679.0726681445
605279.0298620235 5400679.0726681445 607214.659841065 5408902.1176047735
607214.659841065 5408902.1176047735 607429.5901716211 5421632.8520772075
607429.5901716211 5421632.8520772075 599320.0231485821 5430450.174170224
599320.0231485821 5430450.174170224 592079.8884144374 5433878.110449753
592079.8884144374 5433878.110449753 589379.1912550426 5440724.452415763
589379.1912550426 5440724.452415763 590477.0773982875 5446063.961071219
590477.0773982875 5446063.961071219 583267.8356772186 5450327.843060672
583267.8356772186 5450327.843060672 584129.3546710329 5463023.947203838
584129.3546710329 5463023.947203838 580738.3201917621 5465375.936884821
580738.3201917621 5465375.936884821 585080.0346691357 5471642.593798764
585080.0346691357 5471642.593798764 578412.1428572718 5484973.152202204
578412.1428572718 5484973.152202204 573184.1798486223 5481136.868748552
573184.1798486223 5481136.868748552 566961.4416109719 5482197.545339832
566961.4416109719 5482197.545339832 567522.2159781674 5489615.318887664
567522.2159781674 5489615.318887664 563623.2946700415 5494871.143588714
563623.2946700415 5494871.143588714 557374.9647990866 5507945.205747348
557374.9647990866 5507945.205747348 545540.640575614 5505227.638711245
545540.640575614 5505227.638711245 547195.7039887886 5515217.254125841
547195.7039887886 5515217.254125841 540813.1410118885 5513833.4472939735
540813.1410118885 5513833.4472939735 523297.29361666297 5512835.469408544
523297.29361666297 5512835.469408544 526319.1315715255 5505849.586564838
526319.1315715255 5505849.586564838 530887.7237443237 5504220.048817193
530887.7237443237 5504220.048817193 528537.1915177525 5498855.178646966
528537.1915177525 5498855.178646966 521488.77022853715 5499260.812706468
521488.77022853715 5499260.812706468 519519.83785446687 5493505.381843959
519519.83785446687 5493505.381843959 514559.56487427326 5491464.300747483
514559.56487427326 5491464.300747483 507875.36099726585 5492274.133429296
507875.36099726585 5492274.133429296 506872.5170779759 5504533.35407801
506872.5170779759 5504533.35407801 510960.3583992131 5509504.359060189
510960.3583992131 5509504.359060189 505011.00878810626 5520040.049294145
505011.00878810626 5520040.049294145 502823.158976122 5528583.752885331
502823.158976122 5528583.752885331 503442.7524877419 5543347.365631882
503442.7524877419 5543347.365631882 502419.58231673815 5551096.28979346
502419.58231673815 5551096.28979346 516998.90217606886 5555255.708176169
516998.90217606886 5555255.708176169 526968.6093032688 5553398.719521135
526968.6093032688 5553398.719521135 529995.3840379851 5547642.1330183605
529995.3840379851 5547642.1330183605 537153.6515086784 5549045.680157869
537153.6515086784 5549045.680157869 536210.0443544777 5562328.66133491
536210.0443544777 5562328.66133491 547478.9609992317 5565473.095186961
547478.9609992317 5565473.095186961 546525.0481201088 5568778.366659394
546525.0481201088 5568778.366659394 552606.6533765594 5572225.708249249
552606.6533765594 5572225.708249249 553832.5658070574 5586059.265676839
553832.5658070574 5586059.265676839 562736.1660953003 5583317.424179376
562736.1660953003 5583317.424179376 570133.9891361118 5588492.6942944415
570133.9891361118 5588492.6942944415 573715.2909400315 5596507.4810774755
573715.2909400315 5596507.4810774755 577825.214248385 5600348.868255323
577825.214248385 5600348.868255323 585313.3848391349 5600899.955023264
585313.3848391349 5600899.955023264 594211.4429619173 5593991.788452898
594211.4429619173 5593991.788452898 600719.2653392075 5583330.804860291
600719.2653392075 5583330.804860291 612594.7437332284 5576541.545537508
612594.7437332284 5576541.545537508 615413.7671056848 5564546.7126281
615413.7671056848 5564546.7126281 623773.3898732477 5563122.663638172
623773.3898732477 5563122.663638172 628922.7050563911 5570753.260271435
628922.7050563911 5570753.260271435 622652.6501888682 5575958.223910556
622652.6501888682 5575958.223910556 630191.0528382951 5583180.257571012
630191.0528382951 5583180.257571012 637525.2376262053 5583809.085223647
637525.2376262053 5583809.085223647 645048.2002809651 5578684.033428659
645048.2002809651 5578684.033428659 650293.9778727859 5581338.035727086
650293.9778727859 5581338.035727086 660064.681079648 5570528.246280286
660064.681079648 5570528.246280286 661837.1359095827 5583401.285193581
661837.1359095827 5583401.285193581 659913.6886247284 5594498.474746741
659913.6886247284 5594498.474746741 668102.95278735 5599353.344801051
668102.95278735 5599353.344801051 672281.2125668576 5598682.764159464
672281.2125668576 5598682.764159464 671618.3520708552 5591619.513366033
671618.3520708552 5591619.513366033 680146.3140866337 5584064.979008154
680146.3140866337 5584064.979008154 691780.9911954054 5586176.354983652
691780.9911954054 5586176.354983652 697967.1209364377 5589336.10805315
697967.1209364377 5589336.10805315 700938.8076843589 5586138.468974263
700938.8076843589 5586138.468974263 707939.3944676052 5590189.045509852
784248.9715092635 5812668.27984414 778360.6332696811 5815355.22303478
778360.6332696811 5815355.22303478 779637.434134816 5826958.24214157
779637.434134816 5826958.24214157 786266.2375655011 5839162.580110608
786266.2375655011 5839162.580110608 795771.6073279278 5839088.879072816
795771.6073279278 5839088.879072816 805975.1778670049 5842361.722598713
805975.1778670049 5842361.722598713 808676.4259757502 5835858.195846297
808676.4259757502 5835858.195846297 820667.3262316355 5823112.24871742
820667.3262316355 5823112.24871742 822872.3478773313 5819069.626536296
822872.3478773313 5819069.626536296 817453.6365056864 5809356.7337404005
817453.6365056864 5809356.7337404005 813126.9039608333 5814969.086421795
813126.9039608333 5814969.086421795 801118.4003156067 5815753.377543119
801118.4003156067 5815753.377543119 799180.3041621762 5811965.631335313
799180.3041621762 5811965.631335313 787450.5655505116 5816082.627651874
787450.5655505116 5816082.627651874 784248.9715092635 5812668.27984414
860524.2405744428 5922642.806336176 863229.3004090958 5914662.102591908
863229.3004090958 5914662.102591908 859126.8002632904 5908497.977065848
859126.8002632904 5908497.977065848 860114.8199916119 5898589.798484592
860114.8199916119 5898589.798484592 857832.9107452952 5890963.473686744
857832.9107452952 5890963.473686744 845294.4798927798 5880328.048448966
845294.4798927798 5880328.048448966 846136.7699522777 5865240.299922227
846136.7699522777 5865240.299922227 851237.5783095532 5865040.95146206
851237.5783095532 5865040.95146206 862522.0402198896 5856694.442253238
862522.0402198896 5856694.442253238 869588.9622578258 5848179.07596441
869588.9622578258 5848179.07596441 879497.5292730401 5843159.368813102
879497.5292730401 5843159.368813102 881581.6778535462 5829785.673427598
881581.6778535462 5829785.673427598 876672.227302128 5824162.06668615
876672.227302128 5824162.06668615 876051.4049735012 5819523.962356968
876051.4049735012 5819523.962356968 880707.5118205025 5809341.222647567
880707.5118205025 5809341.222647567 889012.280197979 5803172.5500527145
889012.280197979 5803172.5500527145 887992.6480162615 5789730.910586561
887992.6480162615 5789730.910586561 893350.133394578 5784352.8825058965
893350.133394578 5784352.8825058965 890719.7926161177 5774527.738515694
890719.7926161177 5774527.738515694 891980.3964092978 5770048.684041345
891980.3964092978 5770048.684041345 888994.2062728647 5762425.561569728
888994.2062728647 5762425.561569728 885079.5756895773 5758251.4406897025
885079.5756895773 5758251.4406897025 889383.9788910229 5753347.911175082
889383.9788910229 5753347.911175082 890302.5226832062 5747400.685488204
890302.5226832062 5747400.685488204 895131.0218578696 5742374.845726937
895131.0218578696 5742374.845726937 897725.1665604038 5733429.161497419
897725.1665604038 5733429.161497419 895519.6670404709 5730313.7302608
895519.6670404709 5730313.7302608 893381.9396665499 5727204.051068975
893381.9396665499 5727204.051068975 878320.7290285944 5725275.409072486
878320.7290285944 5725275.409072486 870253.4658191263 5720308.528260209
870253.4658191263 5720308.528260209 856870.011459362 5722631.833619104
856870.011459362 5722631.833619104 848977.8058152564 5703395.799790256
848977.8058152564 5703395.799790256 845758.9794582666 5705923.23568007
845758.9794582666 5705923.23568007 831422.9332508397 5700866.811430625
831422.9332508397 5700866.811430625 816084.1413974746 5702034.782404009
816084.1413974746 5702034.782404009 808883.1265183521 5707169.262430648
808883.1265183521 5707169.262430648 801009.0095416353 5706079.123444482
801009.0095416353 5706079.123444482 794446.7884046196 5702566.481524327
794446.7884046196 5702566.481524327 791699.6136388177 5710707.096431753
791699.6136388177 5710707.096431753 793227.5044151687 5715286.082543776
793227.5044151687 5715286.082543776 781106.5402791917 5729701.275679837
781106.5402791917 5729701.275679837 788860.9450671417 5734899.817569519
788860.9450671417 5734899.817569519 788050.4589146946 5747230.187444115
788050.4589146946 5747230.187444115 784981.351515607 5752069.701343516
784981.351515607 5752069.701343516 773986.0213041859 5757474.69791369
773986.0213041859 5757474.69791369 773038.161725965 5761151.008151958
773038.161725965 5761151.008151958 765564.3307450138 5760501.3915995
765564.3307450138 5760501.3915995 765034.0161614632 5764193.241832985
765034.0161614632 5764193.241832985 754937.3641232718 5767591.5040805
754937.3641232718 5767591.5040805 743776.320256861 5764792.406300646
743776.320256861 5764792.406300646 739456.1714004546 5770021.917692707
739456.1714004546 5770021.917692707 735758.8956017497 5768271.116369101
735758.8956017497 5768271.116369101 724662.1920624407 5777434.802926987
724662.1920624407 5777434.802926987 720728.6123171771 5783917.224278213
720728.6123171771 5783917.224278213 723476.0709031026 5789759.815171281
723476.0709031026 5789759.815171281 722109.9759341747 5793842.736463858
722109.9759341747 5793842.736463858 725543.4447547706 5804655.0258840965
725543.4447547706 5804655.0258840965 724474.1519828928 5812873.105995944
724474.1519828928 5812873.105995944 726382.7049677295 5818702.488417486
726382.7049677295 5818702.488417486 715492.0207915169 5821700.590688878
715492.0207915169 5821700.590688878 715590.6005690403 5832847.388839086
715590.6005690403 5832847.388839086 719608.8690711231 5837500.2562592905
719608.8690711231 5837500.2562592905 716493.7243711476 5844848.374341576
716493.7243711476 5844848.374341576 719962.2111967229 5854035.889580364
719962.2111967229 5854035.889580364 718139.2780785118 5859772.415967526
718139.2780785118 5859772.415967526 707666.380528778 5863621.763110566
707666.380528778 5863621.763110566 700658.1463487428 5862196.944458832
700658.1463487428 5862196.944458832 690146.3504143155 5867309.55584264
690146.3504143155 5867309.55584264 684146.7593100562 5874200.8914020555
684146.7593100562 5874200.8914020555 680423.2788015181 5873700.473027074
680423.2788015181 5873700.473027074 674461.843847941 5878946.099908072
674461.843847941 5878946.099908072 664762.096488198 5883704.5565902
664762.096488198 5883704.5565902 657767.1523894848 5880657.819413109
657767.1523894848 5880657.819413109 652140.4473554745 5888010.344000132
652140.4473554745 5888010.344000132 660472.1143131147 5888173.023257664
660472.1143131147 5888173.023257664 665407.6399723768 5890349.574034948
665407.6399723768 5890349.574034948 670029.9304982438 5888791.148655128
670029.9304982438 5888791.148655128 673074.0770651664 5898808.627017496
673074.0770651664 5898808.627017496 675888.2643210136 5902190.23081604
675888.2643210136 5902190.23081604 682613.3367242152 5899440.137554584
682613.3367242152 5899440.137554584 701801.7261853608 5909865.928036072
701801.7261853608 5909865.928036072 703726.4149532857 5914895.6078908015
703726.4149532857 5914895.6078908015 717410.2585540229 5913596.7189418785
717410.2585540229 5913596.7189418785 726576.3049924104 5910943.636400045
726576.3049924104 5910943.636400045 730862.674369647 5905672.132625347
730862.674369647 5905672.132625347 735776.1620369476 5907056.068417359
735776.1620369476 5907056.068417359 752935.6616062163 5899272.816759132
752935.6616062163 5899272.816759132 761553.2911017685 5900779.672593356
761553.2911017685 5900779.672593356 766203.2177684385 5897199.709182008
766203.2177684385 5897199.709182008 774167.9372182731 5906147.798686709
774167.9372182731 5906147.798686709 799858.2573958389 5914862.042647464
799858.2573958389 5914862.042647464 802884.912804665 5923652.717308276
802884.912804665 5923652.717308276 812452.0913842882 5935560.789245285
812452.0913842882 5935560.789245285 823542.7076478822 5939284.508541908
823542.7076478822 5939284.508541908 826594.1966807297 5933620.081222461
826594.1966807297 5933620.081222461 835007.4716902354 5931851.684916429
835007.4716902354 5931851.684916429 840026.096599577 5933669.880376292
840026.096599577 5933669.880376292 848495.7571618052 5931927.08749135
848495.7571618052 5931927.08749135 846610.4626340048 5922798.927841301
846610.4626340048 5922798.927841301 840849.1180148404 5916404.622439252
840849.1180148404 5916404.622439252 848523.4864054697 5913817.836872557
848523.4864054697 5913817.836872557 854288.9982042292 5920253.969983497
854288.9982042292 5920253.969983497 860524.2405744428 5922642.806336176
587620.5554016503 5922305.989600015 582972.5959984991 5918019.470549072
582972.5959984991 5918019.470549072 578258.0882967303 5918298.876852669
578258.0882967303 5918298.876852669 569935.1821860459 5925535.731577874
569935.1821860459 5925535.731577874 568722.5286480425 5922192.352621526
568722.5286480425 5922192.352621526 557167.2848031097 5922316.81235652
557167.2848031097 5922316.81235652 550620.9688296355 5930049.641218656
550620.9688296355 5930049.641218656 547923.742062206 5935813.658937703
547923.742062206 5935813.658937703 552003.4345548593 5941639.401835942
552003.4345548593 5941639.401835942 556299.4578631818 5940084.428071864
556299.4578631818 5940084.428071864 560762.0314632943 5946746.941792366
560762.0314632943 5946746.941792366 571515.8275427404 5953955.27875046
571515.8275427404 5953955.27875046 577464.3231307181 5952851.452909988
577464.3231307181 5952851.452909988 581201.5123313376 5943490.3547126725
581201.5123313376 5943490.3547126725 576757.0074498871 5938464.971280957
576757.0074498871 5938464.971280957 587620.5554016503 5922305.989600015
565221.2023622958 5692411.483983569 566178.0051800297 5684158.59200749
566178.0051800297 5684158.59200749 571664.6028697205 5681289.561067976
571664.6028697205 5681289.561067976 575126.1514897024 5675527.501305871
575126.1514897024 5675527.501305871 586466.9509326087 5670650.277783563
586466.9509326087 5670650.277783563 580576.4271105691 5656584.367486945
580576.4271105691 5656584.367486945 584061.8081392357 5650423.472166718
584061.8081392357 5650423.472166718 573156.8062147136 5652004.084879901
573156.8062147136 5652004.084879901 571267.6269971331 5643328.030335287
571267.6269971331 5643328.030335287 574748.3997563042 5638399.870800309
574748.3997563042 5638399.870800309 570285.9243977879 5631363.088316774
570285.9243977879 5631363.088316774 566930.8428605745 5630505.561793364
566930.8428605745 5630505.561793364 566257.0508205278 5621045.929448547
566257.0508205278 5621045.929448547 561723.1300206828 5614012.095579285
561723.1300206828 5614012.095579285 574115.2068967979 5614461.002084301
574115.2068967979 5614461.002084301 573450.082820944 5607411.574688362
573450.082820944 5607411.574688362 575299.0662911813 5601137.660631619
575299.0662911813 5601137.660631619 573715.2909400315 5596507.4810774755
573715.2909400315 5596507.4810774755 570133.9891361118 5588492.6942944415
570133.9891361118 5588492.6942944415 562736.1660953003 5583317.424179376
562736.1660953003 5583317.424179376 553832.5658070574 5586059.265676839
553832.5658070574 5586059.265676839 552606.6533765594 5572225.708249249
552606.6533765594 5572225.708249249 546525.0481201088 5568778.366659394
546525.0481201088 5568778.366659394 547478.9609992317 5565473.095186961
547478.9609992317 5565473.095186961 536210.0443544777 5562328.66133491
536210.0443544777 5562328.66133491 537153.6515086784 5549045.680157869
537153.6515086784 5549045.680157869 529995.3840379851 5547642.1330183605
529995.3840379851 5547642.1330183605 526968.6093032688 5553398.719521135
526968.6093032688 5553398.719521135 516998.90217606886 5555255.708176169
516998.90217606886 5555255.708176169 502419.58231673815 5551096.28979346
502419.58231673815 5551096.28979346 503442.7524877419 5543347.365631882
503442.7524877419 5543347.365631882 502823.158976122 5528583.752885331
502823.158976122 5528583.752885331 505011.00878810626 5520040.049294145
505011.00878810626 5520040.049294145 510960.3583992131 5509504.359060189
510960.3583992131 5509504.359060189 506872.5170779759 5504533.35407801
506872.5170779759 5504533.35407801 507875.36099726585 5492274.133429296
507875.36099726585 5492274.133429296 503394.8287846358 5483654.706362879
503394.8287846358 5483654.706362879 497116.679522149 5483168.394511222
497116.679522149 5483168.394511222 496749.9750882543 5478691.404220152
496749.9750882543 5478691.404220152 489686.6480499901 5472479.121694168
489686.6480499901 5472479.121694168 487520.4809073504 5480512.621657155
487520.4809073504 5480512.621657155 479125.863884073 5487504.604486105
479125.863884073 5487504.604486105 477336.7523216601 5497600.089040033
477336.7523216601 5497600.089040033 471129.8901447752 5495706.163322142
471129.8901447752 5495706.163322142 472480.202403277 5488025.240894773
472480.202403277 5488025.240894773 467954.18485399126 5485782.2500687195
467954.18485399126 5485782.2500687195 461623.3890549956 5493251.200733241
461623.3890549956 5493251.200733241 458730.3796917575 5492716.356150201
458730.3796917575 5492716.356150201 454004.1365070781 5502741.790091289
454004.1365070781 5502741.790091289 460154.84489910805 5507908.665052406
460154.84489910805 5507908.665052406 455842.5038261794 5518801.883046771
455842.5038261794 5518801.883046771 456628.977837399 5522115.7240728745
456628.977837399 5522115.7240728745 452296.21720951673 5535924.310593135
452296.21720951673 5535924.310593135 446830.90976158227 5541904.329902871
446830.90976158227 5541904.329902871 441843.5892884493 5542555.539522859
441843.5892884493 5542555.539522859 427350.6404606858 5536341.986442948
427350.6404606858 5536341.986442948 420237.8759542393 5535962.395896976
420237.8759542393 5535962.395896976 418937.009200042 5540159.1624036515
418937.009200042 5540159.1624036515 413030.19702172204 5545242.888655752
413030.19702172204 5545242.888655752 417604.24684507365 5548540.108924893
417604.24684507365 5548540.108924893 421254.2845301636 5559344.354006468
421254.2845301636 5559344.354006468 438610.6019960155 5571954.013024341
438610.6019960155 5571954.013024341 434779.029718616 5580635.054703334
434779.029718616 5580635.054703334 429598.2124961237 5583486.105003691
429598.2124961237 5583486.105003691 428760.61318211665 5594251.224154732
428760.61318211665 5594251.224154732 433596.7811315109 5601019.838800058
433596.7811315109 5601019.838800058 437291.9716844987 5598574.596351642
437291.9716844987 5598574.596351642 441514.5971855755 5605699.947362883
441514.5971855755 5605699.947362883 438823.7353045482 5615455.70564628
438823.7353045482 5615455.70564628 442098.72449666663 5621180.337798917
442098.72449666663 5621180.337798917 439741.2437194948 5624552.13093468
439741.2437194948 5624552.13093468 449044.69513685245 5636868.450409616
449044.69513685245 5636868.450409616 455539.7339357511 5634736.039134812
455539.7339357511 5634736.039134812 461173.9501716239 5640513.329539516
461173.9501716239 5640513.329539516 462638.2295268257 5645874.085938268
462638.2295268257 5645874.085938268 467523.52372641384 5650941.993474859
467523.52372641384 5650941.993474859 467658.60748514236 5660504.056694739
467658.60748514236 5660504.056694739 476467.984984623 5659901.438835047
476467.984984623 5659901.438835047 483765.7526428095 5668825.6515255915
483765.7526428095 5668825.6515255915 479728.3226882833 5680345.536993436
479728.3226882833 5680345.536993436 472197.95662288164 5677235.9935189895
472197.95662288164 5677235.9935189895 469936.0877190823 5680502.674079461
469936.0877190823 5680502.674079461 474400.9148020119 5687267.9499639245
474400.9148020119 5687267.9499639245 487830.8149878768 5693032.505004538
487830.8149878768 5693032.505004538 497048.22632665955 5692893.272126122
497048.22632665955 5692893.272126122 494746.0745507573 5704031.87375695
494746.0745507573 5704031.87375695 502905.8197522831 5707576.257963304
502905.8197522831 5707576.257963304 511924.5166215738 5699185.118504317
511924.5166215738 5699185.118504317 519722.8689006287 5706888.680275842
519722.8689006287 5706888.680275842 531256.5888978738 5721694.403872288
531256.5888978738 5721694.403872288 543481.3554964882 5720072.797861872
543481.3554964882 5720072.797861872 547738.6709248931 5714898.438809249
547738.6709248931 5714898.438809249 543322.1920580297 5711073.789866348
543322.1920580297 5711073.789866348 542272.3276202555 5704904.5209311135
542272.3276202555 5704904.5209311135 544157.0987963727 5695550.16745045
544157.0987963727 5695550.16745045 539423.3734772195 5692034.567648348
539423.3734772195 5692034.567648348 546496.7744599493 5684947.399818255
546496.7744599493 5684947.399818255 555706.9453894938 5695932.285808076
555706.9453894938 5695932.285808076 563361.4076347322 5696898.273361342
563361.4076347322 5696898.273361342 565221.2023622958 5692411.483983569
506335.7969062996 5970618.053342737 518951.08196959895 5969030.975090274
518951.08196959895 5969030.975090274 523621.99545842886 5963886.220723736
523621.99545842886 5963886.220723736 526699.461782845 5956638.831335135
526699.461782845 5956638.831335135 533471.8647017876 5950358.440769681
533471.8647017876 5950358.440769681 536188.7233931144 5941862.607470602
536188.7233931144 5941862.607470602 547923.742062206 5935813.658937703
547923.742062206 5935813.658937703 550620.9688296355 5930049.641218656
550620.9688296355 5930049.641218656 557167.2848031097 5922316.81235652
557167.2848031097 5922316.81235652 568722.5286480425 5922192.352621526
568722.5286480425 5922192.352621526 569935.1821860459 5925535.731577874
569935.1821860459 5925535.731577874 578258.0882967303 5918298.876852669
578258.0882967303 5918298.876852669 582972.5959984991 5918019.470549072
582972.5959984991 5918019.470549072 587620.5554016503 5922305.989600015
587620.5554016503 5922305.989600015 592453.8386029752 5921609.119919833
592453.8386029752 5921609.119919833 600219.1389863228 5916074.489132223
600219.1389863228 5916074.489132223 606271.6762805218 5915026.328367152
606271.6762805218 5915026.328367152 613629.78419306 5915826.775291435
613629.78419306 5915826.775291435 619583.7995867475 5909550.717590292
619583.7995867475 5909550.717590292 632775.6799659254 5911365.640957147
632775.6799659254 5911365.640957147 639787.4573965919 5898200.111227897
639787.4573965919 5898200.111227897 646950.834981693 5894556.977316981
646950.834981693 5894556.977316981 652140.4473554745 5888010.344000132
652140.4473554745 5888010.344000132 657767.1523894848 5880657.819413109
657767.1523894848 5880657.819413109 664762.096488198 5883704.5565902
664762.096488198 5883704.5565902 674461.843847941 5878946.099908072
674461.843847941 5878946.099908072 668746.257060037 5875091.995547874
668746.257060037 5875091.995547874 666445.8497858234 5868001.382976131
666445.8497858234 5868001.382976131 656235.3555656661 5860744.889663205
656235.3555656661 5860744.889663205 645292.564550961 5863844.516151447
645292.564550961 5863844.516151447 634388.7238114914 5864125.320739449
634388.7238114914 5864125.320739449 630802.9198674288 5857505.573113131
630802.9198674288 5857505.573113131 619326.7051554441 5857550.709664229
619326.7051554441 5857550.709664229 618712.697213612 5850685.623203415
618712.697213612 5850685.623203415 620842.5337652859 5844910.085736227
620842.5337652859 5844910.085736227 630495.6080042275 5830230.166287906
630495.6080042275 5830230.166287906 633897.3278436091 5818401.951296158
633897.3278436091 5818401.951296158 631551.5642841768 5813855.500369642
631551.5642841768 5813855.500369642 638548.2595199269 5805771.691070274
638548.2595199269 5805771.691070274 636226.6635726573 5800800.576953282
636226.6635726573 5800800.576953282 642850.5561131774 5788613.562430581
642850.5561131774 5788613.562430581 638131.4939731945 5782802.350015595
638131.4939731945 5782802.350015595 640342.803167511 5777918.699987944
640342.803167511 5777918.699987944 633498.3070670961 5774553.579543655
633498.3070670961 5774553.579543655 635392.1614244429 5769246.261581174
635392.1614244429 5769246.261581174 615999.4171164541 5768257.970411811
615999.4171164541 5768257.970411811 612327.6725922967 5764135.9421442505
612327.6725922967 5764135.9421442505 607697.5487097824 5764120.815294748
607697.5487097824 5764120.815294748 613521.1691298388 5750048.576240571
613521.1691298388 5750048.576240571 609014.2452935932 5746103.526747481
609014.2452935932 5746103.526747481 608735.8529169727 5741010.260858508
608735.8529169727 5741010.260858508 617981.5297254854 5722770.97354615
617981.5297254854 5722770.97354615 613679.0851099284 5715629.416864172
613679.0851099284 5715629.416864172 605535.4871486864 5712145.8669717405
605535.4871486864 5712145.8669717405 600022.5222750016 5716270.3492484735
600022.5222750016 5716270.3492484735 592858.8768799691 5707881.736773305
592858.8768799691 5707881.736773305 581535.453020345 5699943.230894946
581535.453020345 5699943.230894946 571297.2935589633 5696992.0947480425
571297.2935589633 5696992.0947480425 565221.2023622958 5692411.483983569
565221.2023622958 5692411.483983569 563361.4076347322 5696898.273361342
563361.4076347322 5696898.273361342 555706.9453894938 5695932.285808076
555706.9453894938 5695932.285808076 546496.7744599493 5684947.399818255
546496.7744599493 5684947.399818255 539423.3734772195 5692034.567648348
539423.3734772195 5692034.567648348 544157.0987963727 5695550.16745045
544157.0987963727 5695550.16745045 542272.3276202555 5704904.5209311135
542272.3276202555 5704904.5209311135 543322.1920580297 5711073.789866348
543322.1920580297 5711073.789866348 547738.6709248931 5714898.438809249
547738.6709248931 5714898.438809249 543481.3554964882 5720072.797861872
543481.3554964882 5720072.797861872 531256.5888978738 5721694.403872288
531256.5888978738 5721694.403872288 526848.6285444442 5734221.088340462
526848.6285444442 5734221.088340462 531115.137687458 5738066.273697496
531115.137687458 5738066.273697496 530448.7629895523 5745019.135843506
530448.7629895523 5745019.135843506 525511.1482381404 5745711.180229178
525511.1482381404 5745711.180229178 518505.8487404514 5758375.335604631
518505.8487404514 5758375.335604631 512728.15903665975 5758218.110136324
512728.15903665975 5758218.110136324 512331.1866092675 5770649.960749931
512331.1866092675 5770649.960749931 510095.5031802099 5775981.653420695
510095.5031802099 5775981.653420695 503837.87959313625 5777471.052098669
503837.87959313625 5777471.052098669 505201.03763027 5787049.919146992
505201.03763027 5787049.919146992 498065.86327610153 5790177.62177048
498065.86327610153 5790177.62177048 501931.23822324484 5799409.616163039
501931.23822324484 5799409.616163039 506030.546229149 5800767.315499083
506030.546229149 5800767.315499083 508739.9570515207 5807071.537429949
508739.9570515207 5807071.537429949 503486.9004168907 5816885.772563103
503486.9004168907 5816885.772563103 499157.65769219794 5809294.027794438
499157.65769219794 5809294.027794438 490193.12854078057 5804493.308516682
490193.12854078057 5804493.308516682 480243.4421544981 5805075.64887899
480243.4421544981 5805075.64887899 480403.04889242456 5814204.221842875
480403.04889242456 5814204.221842875 476508.753077371 5820324.399043383
476508.753077371 5820324.399043383 469982.77269411826 5816847.439350905
469982.77269411826 5816847.439350905 466627.7646843301 5818421.768348372
466627.7646843301 5818421.768348372 461443.1730155188 5811263.913245119
461443.1730155188 5811263.913245119 452772.6944093231 5810651.35111969
452772.6944093231 5810651.35111969 453292.76597085985 5806533.6482070545
453292.76597085985 5806533.6482070545 462120.9722254107 5801757.018544946
462120.9722254107 5801757.018544946 464016.7279485605 5778595.392636458
464016.7279485605 5778595.392636458 459201.2605710383 5773531.535153922
459201.2605710383 5773531.535153922 451274.39895852713 5775869.640865137
451274.39895852713 5775869.640865137 442448.2515389124 5769946.137636092
442448.2515389124 5769946.137636092 434122.98302450404 5768691.456265759
434122.98302450404 5768691.456265759 429626.6842241769 5765581.356007996
429626.6842241769 5765581.356007996 423654.95811671874 5771209.347169055
423654.95811671874 5771209.347169055 432156.5664162869 5774310.812240957
432156.5664162869 5774310.812240957 432374.90880472073 5781091.579315792
432374.90880472073 5781091.579315792 426983.38992749795 5781303.824597583
426983.38992749795 5781303.824597583 426956.24959669745 5795570.3715572
426956.24959669745 5795570.3715572 424797.76859425637 5804092.184605185
424797.76859425637 5804092.184605185 419076.8610433673 5803048.059418976
419076.8610433673 5803048.059418976 412874.8734890028 5806521.620555781
412874.8734890028 5806521.620555781 411191.4475970443 5812593.386032909
411191.4475970443 5812593.386032909 405819.9975426349 5814483.780612435
405819.9975426349 5814483.780612435 403361.3037271804 5804637.823658562
403361.3037271804 5804637.823658562 390329.5735080596 5796902.391630988
390329.5735080596 5796902.391630988 383893.6821461901 5791787.65570193
383893.6821461901 5791787.65570193 374390.08334744856 5792461.543529296
374390.08334744856 5792461.543529296 368303.3458978181 5789872.805155411
368303.3458978181 5789872.805155411 365634.63055136235 5795602.165076383
365634.63055136235 5795602.165076383 369279.80472603894 5802505.017595056
369279.80472603894 5802505.017595056 364165.83261494385 5815549.0354866525
364165.83261494385 5815549.0354866525 359389.8019446663 5811971.845429995
359389.8019446663 5811971.845429995 344749.7064844956 5817375.804015891
344749.7064844956 5817375.804015891 345642.92057095276 5833507.509050214
345642.92057095276 5833507.509050214 350288.4966674949 5836321.18335192
350288.4966674949 5836321.18335192 361215.42245938885 5834488.232813913
361215.42245938885 5834488.232813913 368960.6304368935 5834784.228022258
368960.6304368935 5834784.228022258 371659.32944724354 5856891.082005072
371659.32944724354 5856891.082005072 379838.98464596475 5866306.949385948
379838.98464596475 5866306.949385948 382890.88635390863 5873819.8515006015
382890.88635390863 5873819.8515006015 383269.5865092084 5884638.462674961
383269.5865092084 5884638.462674961 381353.65454223746 5886772.215092055
381353.65454223746 5886772.215092055 385409.30795694 5894623.312584321
385409.30795694 5894623.312584321 381800.1353313107 5902457.945568566
381800.1353313107 5902457.945568566 383330.31784026744 5910427.704512504
383330.31784026744 5910427.704512504 368478.92005752394 5911526.52299765
368478.92005752394 5911526.52299765 366847.6409280803 5914076.445247005
366847.6409280803 5914076.445247005 368968.22484946356 5927869.933134106
368968.22484946356 5927869.933134106 378193.3720989938 5943701.674482188
378193.3720989938 5943701.674482188 387517.9154725846 5949343.64723477
387517.9154725846 5949343.64723477 405116.15633047314 5948305.93903615
405116.15633047314 5948305.93903615 413719.8753153375 5951045.803023043
413719.8753153375 5951045.803023043 428124.5609237069 5952657.618383702
428124.5609237069 5952657.618383702 434786.9593537635 5951849.2624309035
434786.9593537635 5951849.2624309035 435811.83998296 5946333.226437897
435811.83998296 5946333.226437897 441398.8307693455 5940944.426378218
441398.8307693455 5940944.426378218 444982.46749191056 5933050.746076305
444982.46749191056 5933050.746076305 437704.1801689566 5928350.449258336
437704.1801689566 5928350.449258336 447384.76092344325 5917292.351568803
447384.76092344325 5917292.351568803 450299.0984267457 5916920.968143339
450299.0984267457 5916920.968143339 454579.63357924984 5924140.649290246
454579.63357924984 5924140.649290246 454634.8014072763 5929888.450826996
454634.8014072763 5929888.450826996 449077.05321102217 5930377.574421707
449077.05321102217 5930377.574421707 449887.7478455722 5937322.7679899875
449887.7478455722 5937322.7679899875 453934.517931677 5941145.048115598
453934.517931677 5941145.048115598 459221.98630247766 5936336.822079556
459221.98630247766 5936336.822079556 467186.97437638335 5933740.5124282995
467186.97437638335 5933740.5124282995 467761.03040539747 5928575.345094018
467761.03040539747 5928575.345094018 473849.02439919265 5926212.036686623
473849.02439919265 5926212.036686623 476826.39877066424 5929149.894198328
476826.39877066424 5929149.894198328 473129.0809302492 5938324.283984725
473129.0809302492 5938324.283984725 468332.1597618731 5939843.766049167
468332.1597618731 5939843.766049167 465903.57590037736 5949634.630559697
465903.57590037736 5949634.630559697 470655.66290658974 5964498.84455883
470655.66290658974 5964498.84455883 474856.636301361 5970470.185595759
474856.636301361 5970470.185595759 479134.1150542505 5971530.511090576
479134.1150542505 5971530.511090576 485978.72627284954 5965046.0971308565
485978.72627284954 5965046.0971308565 501078.50322471606 5965272.18428249
501078.50322471606 5965272.18428249 506335.7969062996 5970618.053342737
531256.5888978738 5721694.403872288 519722.8689006287 5706888.680275842
519722.8689006287 5706888.680275842 511924.5166215738 5699185.118504317
511924.5166215738 5699185.118504317 502905.8197522831 5707576.257963304
502905.8197522831 5707576.257963304 494746.0745507573 5704031.87375695
494746.0745507573 5704031.87375695 497048.22632665955 5692893.272126122
497048.22632665955 5692893.272126122 487830.8149878768 5693032.505004538
487830.8149878768 5693032.505004538 474400.9148020119 5687267.9499639245
474400.9148020119 5687267.9499639245 469936.0877190823 5680502.674079461
469936.0877190823 5680502.674079461 472197.95662288164 5677235.9935189895
472197.95662288164 5677235.9935189895 479728.3226882833 5680345.536993436
479728.3226882833 5680345.536993436 483765.7526428095 5668825.6515255915
483765.7526428095 5668825.6515255915 476467.984984623 5659901.438835047
476467.984984623 5659901.438835047 467658.60748514236 5660504.056694739
467658.60748514236 5660504.056694739 467523.52372641384 5650941.993474859
467523.52372641384 5650941.993474859 462638.2295268257 5645874.085938268
462638.2295268257 5645874.085938268 461173.9501716239 5640513.329539516
461173.9501716239 5640513.329539516 455539.7339357511 5634736.039134812
455539.7339357511 5634736.039134812 449044.69513685245 5636868.450409616
449044.69513685245 5636868.450409616 439741.2437194948 5624552.13093468
439741.2437194948 5624552.13093468 442098.72449666663 5621180.337798917
442098.72449666663 5621180.337798917 438823.7353045482 5615455.70564628
438823.7353045482 5615455.70564628 427681.17066280084 5625269.25858139
427681.17066280084 5625269.25858139 428246.40320529987 5631490.880070263
428246.40320529987 5631490.880070263 418014.64083812095 5637255.322255588
418014.64083812095 5637255.322255588 413014.6172059051 5637055.335709151
413014.6172059051 5637055.335709151 405557.30449452373 5624776.552185588
405557.30449452373 5624776.552185588 401387.20861208055 5624609.327462793
401387.20861208055 5624609.327462793 392819.0317824697 5619306.515659922
392819.0317824697 5619306.515659922 384543.15300080494 5617738.305724914
384543.15300080494 5617738.305724914 384335.39992796606 5611529.022476308
384335.39992796606 5611529.022476308 369119.9816803085 5606378.824060704
369119.9816803085 5606378.824060704 362469.3641553055 5606967.432946575
362469.3641553055 5606967.432946575 358868.1520027498 5602696.076214637
358868.1520027498 5602696.076214637 350301.3998740335 5598727.227904283
350301.3998740335 5598727.227904283 351700.53305501636 5593347.524129223
351700.53305501636 5593347.524129223 348062.47313359077 5590752.856104583
348062.47313359077 5590752.856104583 344214.59263217263 5594839.132833936
344214.59263217263 5594839.132833936 340289.0319831702 5589256.581533192
340289.0319831702 5589256.581533192 344092.4539975919 5580689.3728438495
344092.4539975919 5580689.3728438495 337311.604406066 5578321.104838738
337311.604406066 5578321.104838738 328614.7921901578 5583388.539263419
328614.7921901578 5583388.539263419 319316.10630660417 5581746.015674407
319316.10630660417 5581746.015674407 315162.1496844259 5577649.965404431
315162.1496844259 5577649.965404431 310867.3936943159 5584253.698494315
310867.3936943159 5584253.698494315 313608.80795302574 5591508.864356811
313608.80795302574 5591508.864356811 310630.355889706 5596924.167174938
310630.355889706 5596924.167174938 303136.47386650275 5598160.598813929
303136.47386650275 5598160.598813929 299962.21842602734 5604689.758323146
299962.21842602734 5604689.758323146 305471.929572896 5608072.437195003
305471.929572896 5608072.437195003 296576.3247983096 5621396.1674583955
296576.3247983096 5621396.1674583955 290288.7245369598 5623479.838014387
290288.7245369598 5623479.838014387 285991.5781334565 5631430.864440219
285991.5781334565 5631430.864440219 290892.17706217326 5634164.718076249
290892.17706217326 5634164.718076249 295132.7083521678 5640402.836832623
295132.7083521678 5640402.836832623 294985.3127455654 5645181.593677518
294985.3127455654 5645181.593677518 290274.34808011923 5646635.085092216
290274.34808011923 5646635.085092216 291691.7595029891 5651790.314089934
291691.7595029891 5651790.314089934 283059.20828270353 5654482.1996959075
283059.20828270353 5654482.1996959075 280741.24927727866 5659308.538164189
280741.24927727866 5659308.538164189 292656.6103548877 5664632.932714165
292656.6103548877 5664632.932714165 300417.05026440945 5673018.802938848
300417.05026440945 5673018.802938848 295832.29512959305 5674730.304077574
295832.29512959305 5674730.304077574 296076.90404179425 5681094.779837192
296076.90404179425 5681094.779837192 307316.8528421557 5694161.790478763
307316.8528421557 5694161.790478763 307113.0139545697 5710112.5084469095
307113.0139545697 5710112.5084469095 298560.4789059261 5721140.684195366
298560.4789059261 5721140.684195366 300728.2564112491 5727205.797274083
300728.2564112491 5727205.797274083 295065.99256888987 5729921.985249209
295065.99256888987 5729921.985249209 295345.1281594126 5734885.38952355
295345.1281594126 5734885.38952355 291190.1075348123 5744179.372332359
291190.1075348123 5744179.372332359 297589.8117479236 5748616.311918933
297589.8117479236 5748616.311918933 304997.423479183 5747592.075391114
304997.423479183 5747592.075391114 308506.1228233895 5749957.499089968
308506.1228233895 5749957.499089968 314770.4280390536 5747885.029609326
314770.4280390536 5747885.029609326 320827.1766517747 5749933.324963893
320827.1766517747 5749933.324963893 326477.41888974677 5747870.544425512
326477.41888974677 5747870.544425512 341313.3883649081 5754674.44100209
341313.3883649081 5754674.44100209 344696.9798825858 5752218.49774843
344696.9798825858 5752218.49774843 351498.39731306036 5759418.924389468
351498.39731306036 5759418.924389468 351390.07145704445 5762753.425432889
351390.07145704445 5762753.425432889 342130.3216818238 5768001.261256992
342130.3216818238 5768001.261256992 347225.08672106016 5776819.065197433
347225.08672106016 5776819.065197433 353006.6025574745 5776531.668659304
353006.6025574745 5776531.668659304 362606.47384497704 5788011.968489593
362606.47384497704 5788011.968489593 368303.3458978181 5789872.805155411
368303.3458978181 5789872.805155411 374390.08334744856 5792461.543529296
374390.08334744856 5792461.543529296 383893.6821461901 5791787.65570193
383893.6821461901 5791787.65570193 390329.5735080596 5796902.391630988
390329.5735080596 5796902.391630988 403361.3037271804 5804637.823658562
403361.3037271804 5804637.823658562 405819.9975426349 5814483.780612435
405819.9975426349 5814483.780612435 411191.4475970443 5812593.386032909
411191.4475970443 5812593.386032909 412874.8734890028 5806521.620555781
412874.8734890028 5806521.620555781 419076.8610433673 5803048.059418976
419076.8610433673 5803048.059418976 424797.76859425637 5804092.184605185
424797.76859425637 5804092.184605185 426956.24959669745 5795570.3715572
426956.24959669745 5795570.3715572 426983.38992749795 5781303.824597583
426983.38992749795 5781303.824597583 432374.90880472073 5781091.579315792
432374.90880472073 5781091.579315792 432156.5664162869 5774310.812240957
432156.5664162869 5774310.812240957 423654.95811671874 5771209.347169055
423654.95811671874 5771209.347169055 429626.6842241769 5765581.356007996
429626.6842241769 5765581.356007996 434122.98302450404 5768691.456265759
434122.98302450404 5768691.456265759 442448.2515389124 5769946.137636092
442448.2515389124 5769946.137636092 451274.39895852713 5775869.640865137
451274.39895852713 5775869.640865137 459201.2605710383 5773531.535153922
459201.2605710383 5773531.535153922 464016.7279485605 5778595.392636458
464016.7279485605 5778595.392636458 462120.9722254107 5801757.018544946
462120.9722254107 5801757.018544946 453292.76597085985 5806533.6482070545
453292.76597085985 5806533.6482070545 452772.6944093231 5810651.35111969
452772.6944093231 5810651.35111969 461443.1730155188 5811263.913245119
461443.1730155188 5811263.913245119 466627.7646843301 5818421.768348372
466627.7646843301 5818421.768348372 469982.77269411826 5816847.439350905
469982.77269411826 5816847.439350905 476508.753077371 5820324.399043383
476508.753077371 5820324.399043383 480403.04889242456 5814204.221842875
480403.04889242456 5814204.221842875 480243.4421544981 5805075.64887899
480243.4421544981 5805075.64887899 490193.12854078057 5804493.308516682
490193.12854078057 5804493.308516682 499157.65769219794 5809294.027794438
499157.65769219794 5809294.027794438 503486.9004168907 5816885.772563103
503486.9004168907 5816885.772563103 508739.9570515207 5807071.537429949
508739.9570515207 5807071.537429949 506030.546229149 5800767.315499083
506030.546229149 5800767.315499083 501931.23822324484 5799409.616163039
501931.23822324484 5799409.616163039 498065.86327610153 5790177.62177048
498065.86327610153 5790177.62177048 505201.03763027 5787049.919146992
505201.03763027 5787049.919146992 503837.87959313625 5777471.052098669
503837.87959313625 5777471.052098669 510095.5031802099 5775981.653420695
510095.5031802099 5775981.653420695 512331.1866092675 5770649.960749931
512331.1866092675 5770649.960749931 512728.15903665975 5758218.110136324
512728.15903665975 5758218.110136324 518505.8487404514 5758375.335604631
518505.8487404514 5758375.335604631 525511.1482381404 5745711.180229178
525511.1482381404 5745711.180229178 530448.7629895523 5745019.135843506
530448.7629895523 5745019.135843506 531115.137687458 5738066.273697496
531115.137687458 5738066.273697496 526848.6285444442 5734221.088340462
526848.6285444442 5734221.088340462 531256.5888978738 5721694.403872288
438823.7353045482 5615455.70564628 441514.5971855755 5605699.947362883
441514.5971855755 5605699.947362883 437291.9716844987 5598574.596351642
437291.9716844987 5598574.596351642 433596.7811315109 5601019.838800058
433596.7811315109 5601019.838800058 428760.61318211665 5594251.224154732
428760.61318211665 5594251.224154732 429598.2124961237 5583486.105003691
429598.2124961237 5583486.105003691 434779.029718616 5580635.054703334
434779.029718616 5580635.054703334 438610.6019960155 5571954.013024341
438610.6019960155 5571954.013024341 421254.2845301636 5559344.354006468
421254.2845301636 5559344.354006468 417604.24684507365 5548540.108924893
417604.24684507365 5548540.108924893 413030.19702172204 5545242.888655752
413030.19702172204 5545242.888655752 418937.009200042 5540159.1624036515
418937.009200042 5540159.1624036515 420237.8759542393 5535962.395896976
420237.8759542393 5535962.395896976 427350.6404606858 5536341.986442948
427350.6404606858 5536341.986442948 441843.5892884493 5542555.539522859
441843.5892884493 5542555.539522859 446830.90976158227 5541904.329902871
446830.90976158227 5541904.329902871 452296.21720951673 5535924.310593135
452296.21720951673 5535924.310593135 456628.977837399 5522115.7240728745
456628.977837399 5522115.7240728745 455842.5038261794 5518801.883046771
455842.5038261794 5518801.883046771 460154.84489910805 5507908.665052406
460154.84489910805 5507908.665052406 454004.1365070781 5502741.790091289
454004.1365070781 5502741.790091289 458730.3796917575 5492716.356150201
458730.3796917575 5492716.356150201 459715.1760066993 5483365.142436767
459715.1760066993 5483365.142436767 464389.39454855723 5475836.0257589035
464389.39454855723 5475836.0257589035 463022.4466425315 5461073.920547602
463022.4466425315 5461073.920547602 455422.5867862301 5453702.962229608
455422.5867862301 5453702.962229608 453445.91514261655 5438733.726372782
453445.91514261655 5438733.726372782 448460.8908134584 5428156.385317942
448460.8908134584 5428156.385317942 443633.0728540991 5424225.253552303
443633.0728540991 5424225.253552303 433527.0611892493 5426659.367056628
433527.0611892493 5426659.367056628 422340.63178481476 5434251.072414438
422340.63178481476 5434251.072414438 417215.6577094825 5431796.92286443
417215.6577094825 5431796.92286443 412337.84096092597 5435282.120176514
412337.84096092597 5435282.120176514 402890.4259672804 5433416.771140431
402890.4259672804 5433416.771140431 395464.59724937996 5437325.5219696
395464.59724937996 5437325.5219696 386727.7085651228 5449076.263342268
386727.7085651228 5449076.263342268 380898.98175369645 5447755.759610968
380898.98175369645 5447755.759610968 375720.10082562914 5456176.246371619
375720.10082562914 5456176.246371619 382261.61109736166 5460837.8994269455
382261.61109736166 5460837.8994269455 384598.5511422004 5469049.301642484
384598.5511422004 5469049.301642484 376185.3615834632 5473000.924536817
376185.3615834632 5473000.924536817 373951.05352151534 5479517.654457902
373951.05352151534 5479517.654457902 377630.02425555116 5482074.302334432
377630.02425555116 5482074.302334432 374836.8675655244 5493540.552898513
374836.8675655244 5493540.552898513 363920.4364967473 5496094.164783876
363920.4364967473 5496094.164783876 357923.7676989242 5501223.6686945
357923.7676989242 5501223.6686945 345898.2273513146 5497870.657753334
345898.2273513146 5497870.657753334 337294.1802887845 5492179.965591388
337294.1802887845 5492179.965591388 318862.8602474958 5489286.07024431
318862.8602474958 5489286.07024431 310354.9985460484 5491680.152106577
310354.9985460484 5491680.152106577 310423.43772847817 5496594.892835705
310423.43772847817 5496594.892835705 314128.37036839954 5504719.054137093
314128.37036839954 5504719.054137093 320016.7568137837 5510015.253493549
320016.7568137837 5510015.253493549 320694.2816760932 5520011.83371118
320694.2816760932 5520011.83371118 312812.17846023256 5522267.852986633
312812.17846023256 5522267.852986633 311353.38780559646 5525170.544330947
311353.38780559646 5525170.544330947 301548.4966807227 5530325.427745375
301548.4966807227 5530325.427745375 300519.69646609284 5536960.9748237105
300519.69646609284 5536960.9748237105 296056.02517278626 5538199.787688047
296056.02517278626 5538199.787688047 293234.87110660155 5548080.012293815
293234.87110660155 5548080.012293815 294024.38200950285 5556256.448852612
294024.38200950285 5556256.448852612 299396.65471742203 5563477.1959727155
299396.65471742203 5563477.1959727155 298219.9114834586 5568730.689699715
298219.9114834586 5568730.689699715 305843.44978899905 5571695.400769577
305843.44978899905 5571695.400769577 307877.37134458 5577530.90935154
307877.37134458 5577530.90935154 315162.1496844259 5577649.965404431
315162.1496844259 5577649.965404431 319316.10630660417 5581746.015674407
319316.10630660417 5581746.015674407 328614.7921901578 5583388.539263419
328614.7921901578 5583388.539263419 337311.604406066 5578321.104838738
337311.604406066 5578321.104838738 344092.4539975919 5580689.3728438495
344092.4539975919 5580689.3728438495 340289.0319831702 5589256.581533192
340289.0319831702 5589256.581533192 344214.59263217263 5594839.132833936
344214.59263217263 5594839.132833936 348062.47313359077 5590752.856104583
348062.47313359077 5590752.856104583 351700.53305501636 5593347.524129223
351700.53305501636 5593347.524129223 350301.3998740335 5598727.227904283
350301.3998740335 5598727.227904283 358868.1520027498 5602696.076214637
358868.1520027498 5602696.076214637 362469.3641553055 5606967.432946575
362469.3641553055 5606967.432946575 369119.9816803085 5606378.824060704
369119.9816803085 5606378.824060704 384335.39992796606 5611529.022476308
384335.39992796606 5611529.022476308 384543.15300080494 5617738.305724914
384543.15300080494 5617738.305724914 392819.0317824697 5619306.515659922
392819.0317824697 5619306.515659922 401387.20861208055 5624609.327462793
401387.20861208055 5624609.327462793 405557.30449452373 5624776.552185588
405557.30449452373 5624776.552185588 413014.6172059051 5637055.335709151
413014.6172059051 5637055.335709151 418014.64083812095 5637255.322255588
418014.64083812095 5637255.322255588 428246.40320529987 5631490.880070263
428246.40320529987 5631490.880070263 427681.17066280084 5625269.25858139
427681.17066280084 5625269.25858139 438823.7353045482 5615455.70564628
380898.98175369645 5447755.759610968 375465.6330844553 5441659.865394894
375465.6330844553 5441659.865394894 365659.1247612728 5442514.0200982215
365659.1247612728 5442514.0200982215 356727.20647711493 5450245.459340915
356727.20647711493 5450245.459340915 349624.0734580433 5454202.013037114
349624.0734580433 5454202.013037114 342516.0013127441 5453191.64113334
342516.0013127441 5453191.64113334 342093.0957619321 5446541.845644446
342093.0957619321 5446541.845644446 335102.64143971156 5448213.821306083
335102.64143971156 5448213.821306083 330387.01125563064 5461248.385409871
330387.01125563064 5461248.385409871 323182.32558392675 5469136.726303896
323182.32558392675 5469136.726303896 321314.8007460149 5478641.613184595
321314.8007460149 5478641.613184595 313281.2384273176 5483567.664077631
313281.2384273176 5483567.664077631 310354.9985460484 5491680.152106577
310354.9985460484 5491680.152106577 318862.8602474958 5489286.07024431
318862.8602474958 5489286.07024431 337294.1802887845 5492179.965591388
337294.1802887845 5492179.965591388 345898.2273513146 5497870.657753334
345898.2273513146 5497870.657753334 357923.7676989242 5501223.6686945
357923.7676989242 5501223.6686945 363920.4364967473 5496094.164783876
363920.4364967473 5496094.164783876 374836.8675655244 5493540.552898513
374836.8675655244 5493540.552898513 377630.02425555116 5482074.302334432
377630.02425555116 5482074.302334432 373951.05352151534 5479517.654457902
373951.05352151534 5479517.654457902 376185.3615834632 5473000.924536817
376185.3615834632 5473000.924536817 384598.5511422004 5469049.301642484
384598.5511422004 5469049.301642484 382261.61109736166 5460837.8994269455
382261.61109736166 5460837.8994269455 375720.10082562914 5456176.246371619
375720.10082562914 5456176.246371619 380898.98175369645 5447755.759610968
781106.5402791917 5729701.275679837 777710.9332055207 5731649.528947392
777710.9332055207 5731649.528947392 771550.7137816455 5728573.674315646
771550.7137816455 5728573.674315646 766841.5510969809 5732542.836972686
766841.5510969809 5732542.836972686 761965.7772981382 5728282.249625046
761965.7772981382 5728282.249625046 745433.7246821282 5722879.755011859
745433.7246821282 5722879.755011859 738341.5585695631 5722687.512382934
738341.5585695631 5722687.512382934 728900.3955340934 5717097.821623846
728900.3955340934 5717097.821623846 724728.0268073288 5716987.89351975
724728.0268073288 5716987.89351975 721807.7159854323 5702552.576803566
721807.7159854323 5702552.576803566 723655.7180350007 5682531.803682742
723655.7180350007 5682531.803682742 726202.6948638951 5667462.820206082
726202.6948638951 5667462.820206082 730858.7721036136 5665543.283673728
730858.7721036136 5665543.283673728 731933.9015981857 5657807.435648049
731933.9015981857 5657807.435648049 728415.7336174827 5649954.040047375
728415.7336174827 5649954.040047375 724143.0774419691 5652692.012389461
724143.0774419691 5652692.012389461 713677.0688310615 5651553.103979561
713677.0688310615 5651553.103979561 709335.7764053014 5656327.303838215
709335.7764053014 5656327.303838215 702069.0418005862 5660601.808593788
702069.0418005862 5660601.808593788 693701.4356331398 5659091.993479096
693701.4356331398 5659091.993479096 685140.9462299739 5665800.870401849
685140.9462299739 5665800.870401849 674306.2831557438 5664178.5279742805
674306.2831557438 5664178.5279742805 671675.753566565 5669044.502300406
671675.753566565 5669044.502300406 672799.3297231123 5674044.201750521
672799.3297231123 5674044.201750521 668889.7346456726 5680108.231332383
668889.7346456726 5680108.231332383 672920.796511633 5686014.195209734
672920.796511633 5686014.195209734 669093.7219305383 5688785.074712837
669093.7219305383 5688785.074712837 666845.9896482051 5695317.218779057
666845.9896482051 5695317.218779057 649340.9424698828 5696807.668200338
649340.9424698828 5696807.668200338 644299.4616939938 5699531.335774492
644299.4616939938 5699531.335774492 638535.2041838074 5698079.518114454
638535.2041838074 5698079.518114454 636261.5171482629 5706302.984894784
636261.5171482629 5706302.984894784 631538.6243927088 5713209.605771932
631538.6243927088 5713209.605771932 628854.4320390434 5721887.001221409
628854.4320390434 5721887.001221409 617981.5297254854 5722770.97354615
617981.5297254854 5722770.97354615 608735.8529169727 5741010.260858508
608735.8529169727 5741010.260858508 609014.2452935932 5746103.526747481
609014.2452935932 5746103.526747481 613521.1691298388 5750048.576240571
613521.1691298388 5750048.576240571 607697.5487097824 5764120.815294748
607697.5487097824 5764120.815294748 612327.6725922967 5764135.9421442505
612327.6725922967 5764135.9421442505 615999.4171164541 5768257.970411811
615999.4171164541 5768257.970411811 635392.1614244429 5769246.261581174
635392.1614244429 5769246.261581174 633498.3070670961 5774553.579543655
633498.3070670961 5774553.579543655 640342.803167511 5777918.699987944
640342.803167511 5777918.699987944 638131.4939731945 5782802.350015595
638131.4939731945 5782802.350015595 642850.5561131774 5788613.562430581
642850.5561131774 5788613.562430581 636226.6635726573 5800800.576953282
636226.6635726573 5800800.576953282 638548.2595199269 5805771.691070274
638548.2595199269 5805771.691070274 631551.5642841768 5813855.500369642
631551.5642841768 5813855.500369642 633897.3278436091 5818401.951296158
633897.3278436091 5818401.951296158 630495.6080042275 5830230.166287906
630495.6080042275 5830230.166287906 620842.5337652859 5844910.085736227
620842.5337652859 5844910.085736227 618712.697213612 5850685.623203415
618712.697213612 5850685.623203415 619326.7051554441 5857550.709664229
619326.7051554441 5857550.709664229 630802.9198674288 5857505.573113131
630802.9198674288 5857505.573113131 634388.7238114914 5864125.320739449
634388.7238114914 5864125.320739449 645292.564550961 5863844.516151447
645292.564550961 5863844.516151447 656235.3555656661 5860744.889663205
656235.3555656661 5860744.889663205 666445.8497858234 5868001.382976131
666445.8497858234 5868001.382976131 668746.257060037 5875091.995547874
668746.257060037 5875091.995547874 674461.843847941 5878946.099908072
674461.843847941 5878946.099908072 680423.2788015181 5873700.473027074
680423.2788015181 5873700.473027074 684146.7593100562 5874200.8914020555
684146.7593100562 5874200.8914020555 690146.3504143155 5867309.55584264
690146.3504143155 5867309.55584264 700658.1463487428 5862196.944458832
700658.1463487428 5862196.944458832 707666.380528778 5863621.763110566
707666.380528778 5863621.763110566 718139.2780785118 5859772.415967526
718139.2780785118 5859772.415967526 719962.2111967229 5854035.889580364
719962.2111967229 5854035.889580364 716493.7243711476 5844848.374341576
716493.7243711476 5844848.374341576 719608.8690711231 5837500.2562592905
719608.8690711231 5837500.2562592905 715590.6005690403 5832847.388839086
715590.6005690403 5832847.388839086 715492.0207915169 5821700.590688878
715492.0207915169 5821700.590688878 726382.7049677295 5818702.488417486
726382.7049677295 5818702.488417486 724474.1519828928 5812873.105995944
724474.1519828928 5812873.105995944 725543.4447547706 5804655.0258840965
725543.4447547706 5804655.0258840965 722109.9759341747 5793842.736463858
722109.9759341747 5793842.736463858 723476.0709031026 5789759.815171281
723476.0709031026 5789759.815171281 720728.6123171771 5783917.224278213
720728.6123171771 5783917.224278213 724662.1920624407 5777434.802926987
724662.1920624407 5777434.802926987 735758.8956017497 5768271.116369101
735758.8956017497 5768271.116369101 739456.1714004546 5770021.917692707
739456.1714004546 5770021.917692707 743776.320256861 5764792.406300646
743776.320256861 5764792.406300646 754937.3641232718 5767591.5040805
754937.3641232718 5767591.5040805 765034.0161614632 5764193.241832985
765034.0161614632 5764193.241832985 765564.3307450138 5760501.3915995
765564.3307450138 5760501.3915995 773038.161725965 5761151.008151958
773038.161725965 5761151.008151958 773986.0213041859 5757474.69791369
773986.0213041859 5757474.69791369 784981.351515607 5752069.701343516
784981.351515607 5752069.701343516 788050.4589146946 5747230.187444115
788050.4589146946 5747230.187444115 788860.9450671417 5734899.817569519
788860.9450671417 5734899.817569519 781106.5402791917 5729701.275679837
781106.5402791917 5729701.275679837 793227.5044151687 5715286.082543776
793227.5044151687 5715286.082543776 791699.6136388177 5710707.096431753
791699.6136388177 5710707.096431753 794446.7884046196 5702566.481524327
794446.7884046196 5702566.481524327 801009.0095416353 5706079.123444482
801009.0095416353 5706079.123444482 808883.1265183521 5707169.262430648
808883.1265183521 5707169.262430648 816084.1413974746 5702034.782404009
816084.1413974746 5702034.782404009 831422.9332508397 5700866.811430625
831422.9332508397 5700866.811430625 845758.9794582666 5705923.23568007
845758.9794582666 5705923.23568007 848977.8058152564 5703395.799790256
848977.8058152564 5703395.799790256 856870.011459362 5722631.833619104
856870.011459362 5722631.833619104 870253.4658191263 5720308.528260209
870253.4658191263 5720308.528260209 878320.7290285944 5725275.409072486
878320.7290285944 5725275.409072486 893381.9396665499 5727204.051068975
893381.9396665499 5727204.051068975 895519.6670404709 5730313.7302608
895519.6670404709 5730313.7302608 897432.8456380311 5724153.499914116
897432.8456380311 5724153.499914116 910151.3522501616 5721252.311172424
910151.3522501616 5721252.311172424 914213.5419782425 5717149.837137413
914213.5419782425 5717149.837137413 915242.9023294174 5707153.663643633
915242.9023294174 5707153.663643633 920532.8341195299 5699949.583099782
920532.8341195299 5699949.583099782 918549.8359933404 5675672.401843977
918549.8359933404 5675672.401843977 914245.7921120054 5660773.055892648
914245.7921120054 5660773.055892648 909216.4053542474 5653965.198586972
909216.4053542474 5653965.198586972 906844.1750879663 5646253.951312222
906844.1750879663 5646253.951312222 897093.1239499587 5648040.051044475
897093.1239499587 5648040.051044475 895523.1913859004 5653661.208948094
895523.1913859004 5653661.208948094 890948.6161168262 5657515.117489311
890948.6161168262 5657515.117489311 892569.9543454412 5663462.144269717
892569.9543454412 5663462.144269717 881967.1718709243 5667379.0848720195
881967.1718709243 5667379.0848720195 869071.8402204295 5664837.61305693
869071.8402204295 5664837.61305693 869086.6101403295 5659974.974443965
869086.6101403295 5659974.974443965 879335.7886018506 5657315.591034011
879335.7886018506 5657315.591034011 877758.8770146528 5651194.489359713
877758.8770146528 5651194.489359713 855146.0193466208 5640225.896875488
855146.0193466208 5640225.896875488 845025.2533964403 5637178.405716561
845025.2533964403 5637178.405716561 842754.0940571786 5630137.440335349
842754.0940571786 5630137.440335349 828279.4073063438 5630469.157735689
828279.4073063438 5630469.157735689 821096.7026187549 5627809.2223343365
821096.7026187549 5627809.2223343365 820001.9265200135 5619077.575121531
820001.9265200135 5619077.575121531 815950.8532657691 5615305.743296366
815950.8532657691 5615305.743296366 809516.8271063904 5617520.304155187
809516.8271063904 5617520.304155187 803310.2424209316 5611794.117722705
803310.2424209316 5611794.117722705 800675.6716918474 5613105.924519776
800675.6716918474 5613105.924519776 797529.698577896 5602704.603244663
797529.698577896 5602704.603244663 785946.8821495334 5602948.721858129
785946.8821495334 5602948.721858129 785944.1749566247 5596350.805571772
785944.1749566247 5596350.805571772 779636.9917095867 5591289.313107742
779636.9917095867 5591289.313107742 772802.6995867505 5596292.224225013
772802.6995867505 5596292.224225013 763308.8357465402 5590671.295139178
763308.8357465402 5590671.295139178 749862.8819783486 5589026.2985468395
749862.8819783486 5589026.2985468395 748493.4310677177 5583288.502190289
748493.4310677177 5583288.502190289 742454.7877446571 5579788.591581236
742454.7877446571 5579788.591581236 739338.9228387119 5573710.666685693
739338.9228387119 5573710.666685693 733433.8929500575 5569879.585152054
733433.8929500575 5569879.585152054 722482.5158959343 5578120.959699379
722482.5158959343 5578120.959699379 711676.4948485197 5582457.095920025
711676.4948485197 5582457.095920025 707939.3944676052 5590189.045509852
707939.3944676052 5590189.045509852 710753.9548844559 5597364.178436131
710753.9548844559 5597364.178436131 707690.6259976098 5605104.998823069
707690.6259976098 5605104.998823069 709263.46065117 5609734.306325234
709263.46065117 5609734.306325234 714735.0097323823 5609964.516053916
714735.0097323823 5609964.516053916 721106.7359708336 5606934.596136728
721106.7359708336 5606934.596136728 732301.0039188988 5621126.656587001
732301.0039188988 5621126.656587001 728740.1244703089 5626717.555263124
728740.1244703089 5626717.555263124 729332.6791663519 5634485.71743269
729332.6791663519 5634485.71743269 742960.6839781501 5638469.846337242
742960.6839781501 5638469.846337242 746107.5739535699 5644242.331581385
746107.5739535699 5644242.331581385 757639.570206315 5647737.24888056
757639.570206315 5647737.24888056 754955.6260646296 5654648.102010117
754955.6260646296 5654648.102010117 749095.0350361073 5655752.569917809
749095.0350361073 5655752.569917809 746377.2661773214 5663058.238011797
746377.2661773214 5663058.238011797 734158.2681703855 5666855.325106228
734158.2681703855 5666855.325106228 730858.7721036136 5665543.283673728
730858.7721036136 5665543.283673728 726202.6948638951 5667462.820206082
726202.6948638951 5667462.820206082 723655.7180350007 5682531.803682742
723655.7180350007 5682531.803682742 721807.7159854323 5702552.576803566
721807.7159854323 5702552.576803566 724728.0268073288 5716987.89351975
724728.0268073288 5716987.89351975 728900.3955340934 5717097.821623846
728900.3955340934 5717097.821623846 738341.5585695631 5722687.512382934
738341.5585695631 5722687.512382934 745433.7246821282 5722879.755011859
745433.7246821282 5722879.755011859 761965.7772981382 5728282.249625046
761965.7772981382 5728282.249625046 766841.5510969809 5732542.836972686
766841.5510969809 5732542.836972686 771550.7137816455 5728573.674315646
771550.7137816455 5728573.674315646 777710.9332055207 5731649.528947392
777710.9332055207 5731649.528947392 781106.5402791917 5729701.275679837
730858.7721036136 5665543.283673728 734158.2681703855 5666855.325106228
734158.2681703855 5666855.325106228 746377.2661773214 5663058.238011797
746377.2661773214 5663058.238011797 749095.0350361073 5655752.569917809
749095.0350361073 5655752.569917809 754955.6260646296 5654648.102010117
754955.6260646296 5654648.102010117 757639.570206315 5647737.24888056
757639.570206315 5647737.24888056 746107.5739535699 5644242.331581385
746107.5739535699 5644242.331581385 742960.6839781501 5638469.846337242
742960.6839781501 5638469.846337242 729332.6791663519 5634485.71743269
729332.6791663519 5634485.71743269 728740.1244703089 5626717.555263124
728740.1244703089 5626717.555263124 732301.0039188988 5621126.656587001
732301.0039188988 5621126.656587001 721106.7359708336 5606934.596136728
721106.7359708336 5606934.596136728 714735.0097323823 5609964.516053916
714735.0097323823 5609964.516053916 709263.46065117 5609734.306325234
709263.46065117 5609734.306325234 707690.6259976098 5605104.998823069
707690.6259976098 5605104.998823069 710753.9548844559 5597364.178436131
710753.9548844559 5597364.178436131 707939.3944676052 5590189.045509852
707939.3944676052 5590189.045509852 700938.8076843589 5586138.468974263
700938.8076843589 5586138.468974263 697967.1209364377 5589336.10805315
697967.1209364377 5589336.10805315 691780.9911954054 5586176.354983652
691780.9911954054 5586176.354983652 680146.3140866337 5584064.979008154
680146.3140866337 5584064.979008154 671618.3520708552 5591619.513366033
671618.3520708552 5591619.513366033 672281.2125668576 5598682.764159464
672281.2125668576 5598682.764159464 668102.95278735 5599353.344801051
668102.95278735 5599353.344801051 659913.6886247284 5594498.474746741
659913.6886247284 5594498.474746741 661837.1359095827 5583401.285193581
661837.1359095827 5583401.285193581 660064.681079648 5570528.246280286
660064.681079648 5570528.246280286 650293.9778727859 5581338.035727086
650293.9778727859 5581338.035727086 645048.2002809651 5578684.033428659
645048.2002809651 5578684.033428659 637525.2376262053 5583809.085223647
637525.2376262053 5583809.085223647 630191.0528382951 5583180.257571012
630191.0528382951 5583180.257571012 622652.6501888682 5575958.223910556
622652.6501888682 5575958.223910556 628922.7050563911 5570753.260271435
628922.7050563911 5570753.260271435 623773.3898732477 5563122.663638172
623773.3898732477 5563122.663638172 615413.7671056848 5564546.7126281
615413.7671056848 5564546.7126281 612594.7437332284 5576541.545537508
612594.7437332284 5576541.545537508 600719.2653392075 5583330.804860291
600719.2653392075 5583330.804860291 594211.4429619173 5593991.788452898
594211.4429619173 5593991.788452898 585313.3848391349 5600899.955023264
585313.3848391349 5600899.955023264 577825.214248385 5600348.868255323
577825.214248385 5600348.868255323 573715.2909400315 5596507.4810774755
573715.2909400315 5596507.4810774755 575299.0662911813 5601137.660631619
575299.0662911813 5601137.660631619 573450.082820944 5607411.574688362
573450.082820944 5607411.574688362 574115.2068967979 5614461.002084301
574115.2068967979 5614461.002084301 561723.1300206828 5614012.095579285
561723.1300206828 5614012.095579285 566257.0508205278 5621045.929448547
566257.0508205278 5621045.929448547 566930.8428605745 5630505.561793364
566930.8428605745 5630505.561793364 570285.9243977879 5631363.088316774
570285.9243977879 5631363.088316774 574748.3997563042 5638399.870800309
574748.3997563042 5638399.870800309 571267.6269971331 5643328.030335287
571267.6269971331 5643328.030335287 573156.8062147136 5652004.084879901
573156.8062147136 5652004.084879901 584061.8081392357 5650423.472166718
584061.8081392357 5650423.472166718 580576.4271105691 5656584.367486945
580576.4271105691 5656584.367486945 586466.9509326087 5670650.277783563
586466.9509326087 5670650.277783563 575126.1514897024 5675527.501305871
575126.1514897024 5675527.501305871 571664.6028697205 5681289.561067976
571664.6028697205 5681289.561067976 566178.0051800297 5684158.59200749
566178.0051800297 5684158.59200749 565221.2023622958 5692411.483983569
565221.2023622958 5692411.483983569 571297.2935589633 5696992.0947480425
571297.2935589633 5696992.0947480425 581535.453020345 5699943.230894946
581535.453020345 5699943.230894946 592858.8768799691 5707881.736773305
592858.8768799691 5707881.736773305 600022.5222750016 5716270.3492484735
600022.5222750016 5716270.3492484735 605535.4871486864 5712145.8669717405
605535.4871486864 5712145.8669717405 613679.0851099284 5715629.416864172
613679.0851099284 5715629.416864172 617981.5297254854 5722770.97354615
617981.5297254854 5722770.97354615 628854.4320390434 5721887.001221409
628854.4320390434 5721887.001221409 631538.6243927088 5713209.605771932
631538.6243927088 5713209.605771932 636261.5171482629 5706302.984894784
636261.5171482629 5706302.984894784 638535.2041838074 5698079.518114454
638535.2041838074 5698079.518114454 644299.4616939938 5699531.335774492
644299.4616939938 5699531.335774492 649340.9424698828 5696807.668200338
649340.9424698828 5696807.668200338 666845.9896482051 5695317.218779057
666845.9896482051 5695317.218779057 669093.7219305383 5688785.074712837
669093.7219305383 5688785.074712837 672920.796511633 5686014.195209734
672920.796511633 5686014.195209734 668889.7346456726 5680108.231332383
668889.7346456726 5680108.231332383 672799.3297231123 5674044.201750521
672799.3297231123 5674044.201750521 671675.753566565 5669044.502300406
671675.753566565 5669044.502300406 674306.2831557438 5664178.5279742805
674306.2831557438 5664178.5279742805 685140.9462299739 5665800.870401849
685140.9462299739 5665800.870401849 693701.4356331398 5659091.993479096
693701.4356331398 5659091.993479096 702069.0418005862 5660601.808593788
702069.0418005862 5660601.808593788 709335.7764053014 5656327.303838215
709335.7764053014 5656327.303838215 713677.0688310615 5651553.103979561
713677.0688310615 5651553.103979561 724143.0774419691 5652692.012389461
724143.0774419691 5652692.012389461 728415.7336174827 5649954.040047375
728415.7336174827 5649954.040047375 731933.9015981857 5657807.435648049
731933.9015981857 5657807.435648049 730858.7721036136 5665543.283673728
